SrcMac,DstMac,SrcAddr,Sport,DstAddr,Dport,Proto,Mean,TotPkts,SrcPkts,DstPkts,TotBytes,SrcBytes,DstBytes,Rate,State,Dur
00:1e:4f:d4:ca:28,00:c1:b1:14:eb:31,192.168.10.15,49494,173.194.206.109,465,6,4.861335,9,4,5,4242,375,3867,1.645639,sSE,4.861335
b8:ac:6f:36:07:ee,00:c1:b1:14:eb:31,192.168.10.14,50764,68.67.178.196,443,6,4.848385,23,14,9,14143,6505,7638,4.537593,sSE,4.848385
b8:ac:6f:36:07:ee,00:c1:b1:14:eb:31,192.168.10.14,50765,68.67.178.196,443,6,4.790256,14,8,6,6443,1921,4522,2.713842,sSE,4.790256
00:1e:4f:d4:ca:28,00:c1:b1:14:eb:31,192.168.10.15,49502,59.153.92.181,443,6,3.279622,19,9,10,6096,876,5220,5.488437,sSEfR,3.279622
b8:ac:6f:36:07:ee,18:66:da:9b:e3:7d,192.168.10.14,59387,192.168.10.3,53,17,4.253845,14,8,6,1430,608,822,3.056059,CON,4.253845
b8:ac:6f:36:07:ee,00:c1:b1:14:eb:31,192.168.10.14,50788,63.251.240.12,443,6,1.327034,20,10,10,6366,1635,4731,14.317644,sSEfF,1.327034
00:1e:4f:d4:ca:28,00:19:b9:0a:69:f1,192.168.10.15,49490,192.168.10.50,22,6,1.430317,68,34,34,11264,4436,6828,46.842762,sSEfF,1.430317
b8:ac:6f:36:07:ee,00:c1:b1:14:eb:31,192.168.10.14,50751,185.86.139.58,443,6,1.107437,7,3,4,445,205,240,5.417915,sSEfF,1.107437
b8:ac:6f:36:07:ee,00:c1:b1:14:eb:31,192.168.10.14,50794,204.44.79.6,443,6,4.656424,25,14,11,8284,2828,5456,5.154170,sSEfF,4.656424
b8:ac:6f:36:07:ee,00:c1:b1:14:eb:31,192.168.10.14,50796,204.44.79.6,443,6,4.523559,20,11,9,5798,1532,4266,4.200233,sSEfF,4.523559
b8:ac:6f:36:07:ee,00:c1:b1:14:eb:31,192.168.10.14,50798,199.38.164.54,443,6,1.984272,16,9,7,6729,2014,4715,7.559447,sSE,1.984272
b8:ac:6f:36:07:ee,00:c1:b1:14:eb:31,192.168.10.14,50799,199.38.164.54,443,6,1.980014,17,10,7,7726,3011,4715,8.080751,sSE,1.980014
b8:ac:6f:36:07:ee,00:c1:b1:14:eb:31,192.168.10.14,50800,104.196.189.120,443,6,4.511193,22,13,9,7622,2628,4994,4.655088,sSE,4.511193
b8:ac:6f:36:07:ee,00:c1:b1:14:eb:31,192.168.10.14,50801,204.2.255.233,443,6,3.378022,23,11,12,9968,2481,7487,6.512687,sSE,3.378022
b8:ac:6f:36:07:ee,00:c1:b1:14:eb:31,192.168.10.14,50802,204.11.109.68,443,6,2.511313,21,11,10,9719,2597,7122,7.963962,sSE,2.511313
b8:ac:6f:36:07:ee,00:c1:b1:14:eb:31,192.168.10.14,50803,204.11.109.68,443,6,2.511028,15,9,6,3859,1774,2085,5.575406,sSE,2.511028
b8:ac:6f:36:07:ee,00:c1:b1:14:eb:31,192.168.10.14,50804,8.41.222.241,443,6,2.076550,14,8,6,6016,1547,4469,6.260384,sSE,2.076550
b8:ac:6f:36:07:ee,00:c1:b1:14:eb:31,192.168.10.14,50805,8.41.222.241,443,6,2.076323,16,9,7,7318,2118,5200,7.224309,sSE,2.076323
00:23:ae:9b:8a:bf,00:c1:b1:14:eb:31,192.168.10.16,56804,107.178.247.57,443,6,4.892125,19,9,10,3014,2084,930,3.679383,E,4.892125
b8:ac:6f:36:07:ee,00:c1:b1:14:eb:31,192.168.10.14,50806,149.174.66.131,443,6,2.313034,16,8,8,6099,1691,4408,6.484989,sSE,2.313034
b8:ac:6f:36:07:ee,00:c1:b1:14:eb:31,192.168.10.14,50807,149.174.66.131,443,6,2.612907,24,12,12,9263,3273,5990,8.802457,sSE,2.612907
b8:ac:6f:36:07:ee,00:c1:b1:14:eb:31,192.168.10.14,50808,173.231.178.118,443,6,2.978153,22,12,10,10708,2316,8392,7.051350,sSE,2.978153
b8:ac:6f:36:07:ee,00:c1:b1:14:eb:31,192.168.10.14,50671,72.21.91.29,80,6,4.700150,9,5,4,2972,1146,1826,1.702073,sSE,4.700150
b8:ac:6f:36:07:ee,00:c1:b1:14:eb:31,192.168.10.14,50672,72.21.91.29,80,6,4.700313,9,5,4,2972,1146,1826,1.702014,sSE,4.700313
b8:ac:6f:36:07:ee,00:c1:b1:14:eb:31,192.168.10.14,50809,152.163.56.2,443,6,0.405190,10,5,5,1042,594,448,22.211802,sSE,0.405190
b8:ac:6f:36:07:ee,00:c1:b1:14:eb:31,192.168.10.14,50810,178.255.83.1,80,6,1.250691,12,6,6,2022,796,1226,8.795137,sSEfF,1.250691
b8:ac:6f:36:07:ee,00:c1:b1:14:eb:31,192.168.10.14,50811,178.255.83.1,80,6,1.228413,12,6,6,2022,796,1226,8.954643,sSEfF,1.228413
b8:ac:6f:36:07:ee,00:c1:b1:14:eb:31,192.168.10.14,50812,178.255.83.1,80,6,0.399162,10,5,5,1890,730,1160,22.547237,sSEfF,0.399162
b8:ac:6f:36:07:ee,00:c1:b1:14:eb:31,192.168.10.14,50813,178.255.83.1,80,6,0.399062,10,5,5,1890,730,1160,22.552887,sSEfF,0.399062
b8:ac:6f:36:07:ee,00:c1:b1:14:eb:31,192.168.10.14,50814,50.63.243.230,80,6,0.310784,9,5,4,965,719,246,25.741350,sSEfF,0.310784
00:23:ae:9b:8a:bf,18:66:da:9b:e3:7d,192.168.10.16,25658,192.168.10.3,53,17,0.094356,4,2,2,356,148,208,31.794481,CON,0.094356
00:23:ae:9b:8a:bf,18:66:da:9b:e3:7d,192.168.10.16,60210,192.168.10.3,53,17,0.121696,4,2,2,324,148,176,24.651590,CON,0.121696
18:66:da:9b:e3:7d,00:c1:b1:14:eb:31,192.168.10.3,61690,192.168.10.1,53,17,0.093834,2,1,1,200,85,115,10.657118,CON,0.093834
18:66:da:9b:e3:7d,00:c1:b1:14:eb:31,192.168.10.3,62130,192.168.10.1,53,17,0.120775,2,1,1,247,85,162,8.279860,CON,0.120775
18:66:da:9b:e3:7d,00:c1:b1:14:eb:31,192.168.10.3,62429,192.168.10.1,53,17,0.000422,2,1,1,225,81,144,2369.668213,CON,0.000422
00:23:ae:9b:8a:bf,00:c1:b1:14:eb:31,192.168.10.16,57364,200.42.136.212,443,6,2.765607,60,37,23,23830,4166,19664,21.333471,sSE,2.765607
b8:ac:6f:36:07:ee,00:c1:b1:14:eb:31,192.168.10.14,50815,50.63.243.230,80,6,0.310610,9,5,4,960,720,240,25.755772,sSEfF,0.310610
b8:ac:6f:36:07:ee,00:c1:b1:14:eb:31,192.168.10.14,50816,50.63.243.230,80,6,3.899471,9,5,4,959,719,240,2.051560,sSEfF,3.899471
00:1e:4f:d4:ca:28,18:66:da:9b:e3:7d,192.168.10.15,57653,192.168.10.3,53,17,0.127024,4,2,2,702,184,518,23.617584,CON,0.127024
18:66:da:9b:e3:7d,00:c1:b1:14:eb:31,192.168.10.3,62405,192.168.10.1,53,17,0.126490,2,1,1,373,103,270,7.905764,CON,0.126490
00:1e:4f:d4:ca:28,18:66:da:9b:e3:7d,192.168.10.15,50669,192.168.10.3,53,17,0.000147,4,2,2,402,166,236,20408.164062,CON,0.000147
00:1e:4f:d4:ca:28,00:c1:b1:14:eb:31,192.168.10.15,49505,172.217.10.238,443,6,0.489203,103,38,65,81493,11451,70042,208.502396,sSE,0.489203
00:1e:4f:d4:ca:28,18:66:da:9b:e3:7d,192.168.10.15,52867,192.168.10.3,53,17,0.000133,4,2,2,332,150,182,22556.392578,CON,0.000133
00:1e:4f:d4:ca:28,18:66:da:9b:e3:7d,192.168.10.15,57018,192.168.10.3,53,17,0.000235,4,2,2,356,150,206,12765.957031,CON,0.000235
00:1e:4f:d4:ca:28,18:66:da:9b:e3:7d,192.168.10.15,58878,192.168.10.3,53,17,0.000150,4,2,2,396,158,238,20000.000000,CON,0.000150
00:1e:4f:d4:ca:28,18:66:da:9b:e3:7d,192.168.10.15,56892,192.168.10.3,53,17,0.000177,4,2,2,352,160,192,16949.152344,CON,0.000177
b8:ac:6f:36:0b:a8,00:c1:b1:14:eb:31,192.168.10.51,36045,162.213.33.44,443,6,0.738513,21,10,11,6055,1371,4684,27.081446,sSEfF,0.738513
00:1e:4f:d4:ca:28,18:66:da:9b:e3:7d,192.168.10.15,63601,192.168.10.3,53,17,0.000170,4,2,2,376,160,216,17647.058594,CON,0.000170
00:1e:4f:d4:ca:28,00:c1:b1:14:eb:31,192.168.10.15,49506,172.217.6.238,80,6,0.156811,7,4,3,1600,674,926,38.262623,sSE,0.156811
00:1e:4f:d4:ca:28,00:c1:b1:14:eb:31,192.168.10.15,49507,52.84.145.67,443,6,0.139069,16,8,8,8258,1182,7076,107.860123,sSE,0.139069
00:1e:4f:d4:ca:28,00:c1:b1:14:eb:31,192.168.10.15,49508,52.84.145.67,443,6,0.138728,12,6,6,4741,689,4052,79.291855,sSE,0.138728
00:1e:4f:d4:ca:28,18:66:da:9b:e3:7d,192.168.10.15,62838,192.168.10.3,53,17,0.000226,4,2,2,608,176,432,13274.335938,CON,0.000226
00:1e:4f:d4:ca:28,18:66:da:9b:e3:7d,192.168.10.15,55578,192.168.10.3,53,17,0.023787,4,2,2,522,176,346,126.119316,CON,0.023787
18:66:da:9b:e3:7d,00:c1:b1:14:eb:31,192.168.10.3,61331,192.168.10.1,53,17,0.023391,2,1,1,283,99,184,42.751484,CON,0.023391
b8:ac:6f:36:07:ee,18:66:da:9b:e3:7d,192.168.10.14,54989,192.168.10.3,53,17,0.000132,4,2,2,464,200,264,22727.273438,CON,0.000132
00:23:ae:9b:8a:bf,18:66:da:9b:e3:7d,192.168.10.16,123,192.168.10.3,123,17,0.000139,4,2,2,360,180,180,21582.734375,CON,0.000139
00:1e:4f:d4:ca:28,18:66:da:9b:e3:7d,192.168.10.15,57838,192.168.10.3,53,17,0.099108,4,2,2,444,158,286,30.270008,CON,0.099108
18:66:da:9b:e3:7d,00:c1:b1:14:eb:31,192.168.10.3,60534,192.168.10.1,53,17,0.098595,2,1,1,244,90,154,10.142502,CON,0.098595
b8:ac:6f:36:07:ee,00:c1:b1:14:eb:31,192.168.10.14,50718,52.84.145.242,443,6,0.021994,2,1,1,126,60,66,45.466946,sSE,0.021994
00:1e:4f:d4:ca:28,00:19:b9:0a:69:f1,192.168.10.15,49509,192.168.10.50,22,6,1.470119,84,40,44,13950,4808,9142,56.458015,sSEfF,1.470119
00:1e:4f:d4:ca:28,18:66:da:9b:e3:7d,192.168.10.15,64734,192.168.10.3,53,17,0.000185,4,2,2,408,188,220,16216.216797,CON,0.000185
00:1e:4f:d4:ca:28,18:66:da:9b:e3:7d,192.168.10.15,54210,192.168.10.3,53,17,0.000867,4,2,2,496,188,308,3460.207520,CON,0.000867
18:66:da:9b:e3:7d,00:c1:b1:14:eb:31,192.168.10.3,61236,192.168.10.1,53,17,0.000420,2,1,1,270,105,165,2380.952393,CON,0.000420
b8:ac:6f:36:07:ee,18:66:da:9b:e3:7d,192.168.10.14,55478,192.168.10.3,53,17,0.000172,4,2,2,316,142,174,17441.861328,CON,0.000172
b8:ac:6f:36:07:ee,18:66:da:9b:e3:7d,192.168.10.14,65383,192.168.10.3,53,17,0.023941,4,2,2,464,172,292,125.308044,CON,0.023941
18:66:da:9b:e3:7d,00:c1:b1:14:eb:31,192.168.10.3,60617,192.168.10.1,53,17,0.023392,2,1,1,254,97,157,42.749660,CON,0.023392
b8:ac:6f:36:07:ee,00:c1:b1:14:eb:31,192.168.10.14,50817,68.67.178.196,443,6,0.176679,8,4,4,1183,802,381,39.619877,sSE,0.176679
b8:ac:6f:36:07:ee,18:66:da:9b:e3:7d,192.168.10.14,58280,192.168.10.3,53,17,0.000012,4,2,2,388,178,210,249999.984375,CON,0.000012
b8:ac:6f:36:07:ee,00:c1:b1:14:eb:31,192.168.10.14,50594,172.217.10.74,443,6,0.169393,41,14,27,36427,985,35442,236.137268,sSE,0.169393
b8:ac:6f:36:07:ee,18:66:da:9b:e3:7d,192.168.10.14,62826,192.168.10.3,53,17,0.067726,4,2,2,636,190,446,44.296135,CON,0.067726
18:66:da:9b:e3:7d,00:c1:b1:14:eb:31,192.168.10.3,60699,192.168.10.1,53,17,0.067266,2,1,1,340,106,234,14.866351,CON,0.067266
00:1e:4f:d4:ca:28,00:c1:b1:14:eb:31,192.168.10.15,49494,173.194.206.109,465,6,2.992827,37,17,20,4255,2180,2075,12.028761,sSEfFR,2.992827
00:23:ae:9b:8a:bf,18:66:da:9b:e3:7d,192.168.10.16,27512,192.168.10.3,53,17,0.000140,4,2,2,340,154,186,21428.570312,CON,0.000140
00:23:ae:9b:8a:bf,18:66:da:9b:e3:7d,192.168.10.16,1116,192.168.10.3,53,17,0.000277,4,2,2,364,154,210,10830.324219,CON,0.000277
00:23:ae:9b:8a:bf,18:66:da:9b:e3:7d,192.168.10.16,15418,192.168.10.3,53,17,0.000172,4,2,2,340,154,186,17441.861328,CON,0.000172
00:23:ae:9b:8a:bf,00:c1:b1:14:eb:31,192.168.10.16,42718,178.255.83.1,80,6,0.079800,10,5,5,1972,775,1197,112.781952,sSEfF,0.079800
00:1e:4f:d4:ca:28,18:66:da:9b:e3:7d,192.168.10.15,55531,192.168.10.3,53,17,0.000233,4,2,2,714,178,536,12875.536133,CON,0.000233
00:1e:4f:d4:ca:28,00:c1:b1:14:eb:31,192.168.10.15,49510,206.126.112.147,443,6,2.975043,2451,1228,1223,1616401,84247,1532154,823.517517,sSE,2.975043
00:1e:4f:d4:ca:28,18:66:da:9b:e3:7d,192.168.10.15,50463,192.168.10.3,53,17,0.000195,4,2,2,652,182,470,15384.615234,CON,0.000195
00:1e:4f:d4:ca:28,18:66:da:9b:e3:7d,192.168.10.15,54657,192.168.10.3,53,17,0.000191,4,2,2,420,182,238,15706.806641,CON,0.000191
b8:ac:6f:36:07:ee,00:c1:b1:14:eb:31,192.168.10.14,50818,34.199.71.137,443,6,0.252891,14,7,7,5984,752,5232,51.405544,sSE,0.252891
b8:ac:6f:36:07:ee,00:c1:b1:14:eb:31,192.168.10.14,50819,34.199.71.137,443,6,0.481915,18,9,9,7523,1667,5856,35.275932,sSE,0.481915
b8:ac:6f:36:07:ee,18:66:da:9b:e3:7d,192.168.10.14,58450,192.168.10.3,53,17,0.023545,4,2,2,464,172,292,127.415581,CON,0.023545
18:66:da:9b:e3:7d,00:c1:b1:14:eb:31,192.168.10.3,61616,192.168.10.1,53,17,0.023175,2,1,1,254,97,157,43.149948,CON,0.023175
b8:ac:6f:36:0a:8b,00:c1:b1:14:eb:31,192.168.10.5,49503,104.154.73.75,443,6,3.743251,5,2,3,325,120,205,1.068590,sSEfF,3.743251
b8:ac:6f:36:07:ee,18:66:da:9b:e3:7d,192.168.10.14,64191,192.168.10.3,53,17,0.050811,4,2,2,460,176,284,59.042332,CON,0.050811
18:66:da:9b:e3:7d,00:c1:b1:14:eb:31,192.168.10.3,60469,192.168.10.1,53,17,0.050419,2,1,1,252,99,153,19.833794,CON,0.050419
b8:ac:6f:36:07:ee,00:c1:b1:14:eb:31,192.168.10.14,50716,52.214.25.111,443,6,0.101991,2,1,1,126,60,66,9.804787,sSE,0.101991
00:23:ae:9b:ad:b3,00:c1:b1:14:eb:31,192.168.10.19,123,184.105.182.7,123,17,0.080975,2,1,1,180,90,90,12.349490,CON,0.080975
b8:ac:6f:36:07:ee,18:66:da:9b:e3:7d,192.168.10.14,53815,192.168.10.3,53,17,0.023779,4,2,2,428,168,260,126.161743,CON,0.023779
18:66:da:9b:e3:7d,00:c1:b1:14:eb:31,192.168.10.3,61471,192.168.10.1,53,17,0.023301,2,1,1,236,95,141,42.916615,CON,0.023301
00:1e:4f:d4:ca:28,18:66:da:9b:e3:7d,192.168.10.15,63126,192.168.10.3,53,17,0.000145,4,2,2,426,174,252,20689.656250,CON,0.000145
00:1e:4f:d4:ca:28,18:66:da:9b:e3:7d,192.168.10.15,61417,192.168.10.3,53,17,0.000197,4,2,2,484,172,312,15228.426758,CON,0.000197
00:1e:4f:d4:ca:28,18:66:da:9b:e3:7d,192.168.10.15,56885,192.168.10.3,53,17,0.048336,4,2,2,452,170,282,62.065540,CON,0.048336
18:66:da:9b:e3:7d,00:c1:b1:14:eb:31,192.168.10.3,61206,192.168.10.1,53,17,0.047968,2,1,1,248,96,152,20.847231,CON,0.047968
00:1e:4f:d4:ca:28,18:66:da:9b:e3:7d,192.168.10.15,57445,192.168.10.3,53,17,0.051530,4,2,2,656,264,392,58.218513,CON,0.051530
18:66:da:9b:e3:7d,00:c1:b1:14:eb:31,192.168.10.3,60973,192.168.10.1,53,17,0.051067,2,1,1,350,143,207,19.582119,CON,0.051067
b8:ac:6f:36:07:ee,18:66:da:9b:e3:7d,192.168.10.14,62269,192.168.10.3,53,17,0.023727,4,2,2,480,172,308,126.438232,CON,0.023727
18:66:da:9b:e3:7d,00:c1:b1:14:eb:31,192.168.10.3,62078,192.168.10.1,53,17,0.023370,2,1,1,262,97,165,42.789902,CON,0.023370
00:1e:4f:d4:ca:28,18:66:da:9b:e3:7d,192.168.10.15,62982,192.168.10.3,53,17,0.048437,4,2,2,456,176,280,61.936123,CON,0.048437
18:66:da:9b:e3:7d,00:c1:b1:14:eb:31,192.168.10.3,62382,192.168.10.1,53,17,0.048143,2,1,1,250,99,151,20.771452,CON,0.048143
00:23:ae:9b:8a:bf,00:c1:b1:14:eb:31,192.168.10.16,44620,146.20.132.102,443,6,4.741863,9,6,3,763,519,244,1.687101,EfF,4.741863
00:23:ae:9b:8a:bf,00:c1:b1:14:eb:31,192.168.10.16,51466,52.84.145.198,443,6,3.725662,9,6,3,763,519,244,2.147269,sSEfF,3.725662
00:23:ae:9b:8a:bf,18:66:da:9b:e3:7d,192.168.10.16,44566,192.168.10.3,53,17,0.000259,4,2,2,424,160,264,11583.011719,CON,0.000259
00:23:ae:9b:8a:bf,18:66:da:9b:e3:7d,192.168.10.16,52562,192.168.10.3,53,17,0.000261,4,2,2,448,160,288,11494.252930,CON,0.000261
00:23:ae:9b:8a:bf,00:c1:b1:14:eb:31,192.168.10.16,39048,172.217.10.106,443,6,0.131141,8,3,5,1958,383,1575,53.377659,sSE,0.131141
00:23:ae:9b:8a:bf,00:c1:b1:14:eb:31,192.168.10.16,57368,200.42.136.212,443,6,0.796448,16,8,8,2668,1117,1551,18.833622,sSE,0.796448
00:23:ae:9b:8a:bf,00:c1:b1:14:eb:31,192.168.10.16,57370,200.42.136.212,443,6,4.875269,141,80,61,84824,7135,77689,28.716364,sSE,4.875269
00:23:ae:9b:8a:bf,00:c1:b1:14:eb:31,192.168.10.16,57372,200.42.136.212,443,6,4.474008,31,16,15,8148,2706,5442,6.705397,sSE,4.474008
00:23:ae:9b:8a:bf,18:66:da:9b:e3:7d,192.168.10.16,55474,192.168.10.3,53,17,0.094470,4,2,2,448,144,304,31.756113,CON,0.094470
00:23:ae:9b:8a:bf,18:66:da:9b:e3:7d,192.168.10.16,51467,192.168.10.3,53,17,0.122288,4,2,2,416,144,272,24.532251,CON,0.122288
18:66:da:9b:e3:7d,00:c1:b1:14:eb:31,192.168.10.3,62459,192.168.10.1,53,17,0.094045,2,1,1,246,83,163,10.633207,CON,0.094045
18:66:da:9b:e3:7d,00:c1:b1:14:eb:31,192.168.10.3,60651,192.168.10.1,53,17,0.121213,2,1,1,290,83,207,8.249941,CON,0.121213
00:23:ae:9b:8a:bf,00:c1:b1:14:eb:31,192.168.10.16,57374,200.42.136.212,443,6,0.944840,18,10,8,3256,1315,1941,17.992464,sSE,0.944840
00:23:ae:9b:8a:bf,00:c1:b1:14:eb:31,192.168.10.16,57376,200.42.136.212,443,6,4.651230,171,92,79,113599,7562,106037,36.549473,sSE,4.651230
00:23:ae:9b:8a:bf,18:66:da:9b:e3:7d,192.168.10.16,8351,192.168.10.3,53,17,0.046576,4,2,2,518,160,358,64.410851,CON,0.046576
00:23:ae:9b:8a:bf,18:66:da:9b:e3:7d,192.168.10.16,17787,192.168.10.3,53,17,0.100112,4,2,2,390,160,230,29.966438,CON,0.100112
18:66:da:9b:e3:7d,00:c1:b1:14:eb:31,192.168.10.3,62063,192.168.10.1,53,17,0.045935,2,1,1,281,91,190,21.769892,CON,0.045935
18:66:da:9b:e3:7d,00:c1:b1:14:eb:31,192.168.10.3,60928,192.168.10.1,53,17,0.098984,2,1,1,275,91,184,10.102643,CON,0.098984
00:23:ae:9b:8a:bf,18:66:da:9b:e3:7d,192.168.10.16,8108,192.168.10.3,53,17,0.222784,4,2,2,474,148,326,13.465959,CON,0.222784
00:23:ae:9b:8a:bf,18:66:da:9b:e3:7d,192.168.10.16,52865,192.168.10.3,53,17,0.095367,4,2,2,442,148,294,31.457422,CON,0.095367
18:66:da:9b:e3:7d,00:c1:b1:14:eb:31,192.168.10.3,60118,192.168.10.1,53,17,0.222229,2,1,1,259,85,174,4.499863,CON,0.222229
18:66:da:9b:e3:7d,00:c1:b1:14:eb:31,192.168.10.3,60441,192.168.10.1,53,17,0.094235,2,1,1,301,85,216,10.611768,CON,0.094235
00:23:ae:9b:8a:bf,18:66:da:9b:e3:7d,192.168.10.16,5029,192.168.10.3,53,17,0.000204,4,2,2,456,168,288,14705.882812,CON,0.000204
00:23:ae:9b:8a:bf,18:66:da:9b:e3:7d,192.168.10.16,19530,192.168.10.3,53,17,0.000197,4,2,2,480,168,312,15228.426758,CON,0.000197
b8:ac:6f:36:07:ee,18:66:da:9b:e3:7d,192.168.10.14,61039,192.168.10.3,53,17,0.048993,4,2,2,408,172,236,61.233238,CON,0.048993
18:66:da:9b:e3:7d,00:c1:b1:14:eb:31,192.168.10.3,60783,192.168.10.1,53,17,0.048643,2,1,1,226,97,129,20.557941,CON,0.048643
b8:ac:6f:36:07:ee,18:66:da:9b:e3:7d,192.168.10.14,53170,192.168.10.3,53,17,0.048389,4,2,2,440,176,264,61.997562,CON,0.048389
18:66:da:9b:e3:7d,00:c1:b1:14:eb:31,192.168.10.3,61100,192.168.10.1,53,17,0.048233,2,1,1,242,99,143,20.732695,CON,0.048233
b8:ac:6f:36:07:ee,00:c1:b1:14:eb:31,192.168.10.14,50820,199.38.164.54,443,6,0.268352,14,7,7,6641,1926,4715,48.443836,sSE,0.268352
18:66:da:9b:e3:7d,00:c1:b1:14:eb:31,192.168.10.3,61574,192.168.10.1,53,17,0.000482,2,1,1,247,93,154,2074.688721,CON,0.000482
18:66:da:9b:e3:7d,00:c1:b1:14:eb:31,192.168.10.3,61032,192.168.10.1,53,17,0.000469,2,1,1,245,92,153,2132.196289,CON,0.000469
00:23:ae:9b:8a:bf,00:c1:b1:14:eb:31,192.168.10.16,37846,151.101.0.249,443,6,0.058897,19,10,9,11688,1313,10375,305.618286,sSE,0.058897
b8:ac:6f:36:07:ee,18:66:da:9b:e3:7d,192.168.10.14,60337,192.168.10.3,53,17,0.048343,4,2,2,458,174,284,62.056557,CON,0.048343
b8:ac:6f:36:07:ee,18:66:da:9b:e3:7d,192.168.10.14,52478,192.168.10.3,53,17,0.049556,4,2,2,398,162,236,60.537575,CON,0.049556
18:66:da:9b:e3:7d,00:c1:b1:14:eb:31,192.168.10.3,60352,192.168.10.1,53,17,0.048025,2,1,1,251,98,153,20.822489,CON,0.048025
b8:ac:6f:36:07:ee,18:66:da:9b:e3:7d,192.168.10.14,54116,192.168.10.3,53,17,0.066944,4,2,2,532,200,332,44.813572,CON,0.066944
18:66:da:9b:e3:7d,00:c1:b1:14:eb:31,192.168.10.3,61708,192.168.10.1,53,17,0.049203,2,1,1,198,91,107,20.323963,CON,0.049203
b8:ac:6f:36:07:ee,18:66:da:9b:e3:7d,192.168.10.14,57480,192.168.10.3,53,17,0.132571,8,4,4,916,284,632,52.801895,CON,0.132571
18:66:da:9b:e3:7d,00:c1:b1:14:eb:31,192.168.10.3,60546,192.168.10.1,53,17,0.066602,2,1,1,288,111,177,15.014565,CON,0.066602
b8:ac:6f:36:07:ee,18:66:da:9b:e3:7d,192.168.10.14,60287,192.168.10.3,53,17,0.094282,4,2,2,446,160,286,31.819435,CON,0.094282
18:66:da:9b:e3:7d,00:c1:b1:14:eb:31,192.168.10.3,60271,192.168.10.1,53,17,0.024139,2,1,1,251,82,169,41.426735,CON,0.024139
b8:ac:6f:36:07:ee,18:66:da:9b:e3:7d,192.168.10.14,60599,192.168.10.3,53,17,0.063313,4,2,2,412,142,270,47.383633,CON,0.063313
18:66:da:9b:e3:7d,00:c1:b1:14:eb:31,192.168.10.3,60363,192.168.10.1,53,17,0.093852,2,1,1,245,91,154,10.655074,CON,0.093852
b8:ac:6f:36:07:ee,18:66:da:9b:e3:7d,192.168.10.14,53162,192.168.10.3,53,17,0.067671,4,2,2,488,178,310,44.332134,CON,0.067671
18:66:da:9b:e3:7d,00:c1:b1:14:eb:31,192.168.10.3,60921,192.168.10.1,53,17,0.062900,2,1,1,228,82,146,15.898252,CON,0.062900
b8:ac:6f:36:07:ee,18:66:da:9b:e3:7d,192.168.10.14,56997,192.168.10.3,53,17,0.132113,8,4,4,1664,316,1348,52.984947,CON,0.132113
18:66:da:9b:e3:7d,00:c1:b1:14:eb:31,192.168.10.3,61941,192.168.10.1,53,17,0.067270,2,1,1,266,100,166,14.865467,CON,0.067270
b8:ac:6f:36:07:ee,18:66:da:9b:e3:7d,192.168.10.14,62633,192.168.10.3,53,17,0.049390,4,2,2,454,172,282,60.741043,CON,0.049390
18:66:da:9b:e3:7d,00:c1:b1:14:eb:31,192.168.10.3,62471,192.168.10.1,53,17,0.049011,2,1,1,249,97,152,20.403584,CON,0.049011
18:66:da:9b:e3:7d,00:c1:b1:14:eb:31,192.168.10.3,62417,192.168.10.1,53,17,0.000543,2,1,1,234,87,147,1841.620605,CON,0.000543
00:23:ae:9b:8a:bf,00:c1:b1:14:eb:31,192.168.10.16,53142,199.187.193.133,443,6,1.218576,19,10,9,5409,1306,4103,14.771340,sSE,1.218576
00:23:ae:9b:8a:bf,00:c1:b1:14:eb:31,192.168.10.16,53144,199.187.193.133,443,6,1.301467,18,10,8,3322,1302,2020,13.062183,sSE,1.301467
00:23:ae:9b:8a:bf,00:c1:b1:14:eb:31,192.168.10.16,53146,199.187.193.133,443,6,1.191367,19,10,9,5469,1296,4173,15.108694,sSE,1.191367
00:23:ae:9b:8a:bf,00:c1:b1:14:eb:31,192.168.10.16,53148,199.187.193.133,443,6,0.302588,15,8,7,4236,851,3385,46.267532,sSE,0.302588
00:23:ae:9b:8a:bf,00:c1:b1:14:eb:31,192.168.10.16,53150,199.187.193.133,443,6,0.293330,12,7,5,1174,785,389,37.500423,sSE,0.293330
00:23:ae:9b:8a:bf,00:c1:b1:14:eb:31,192.168.10.16,46986,172.217.6.232,443,6,1.192941,33,17,16,8159,2414,5745,26.824463,sSE,1.192941
b8:ac:6f:36:07:ee,00:c1:b1:14:eb:31,192.168.10.14,50821,8.41.222.241,443,6,0.499622,13,7,6,5956,1487,4469,24.018158,sSE,0.499622
b8:ac:6f:36:07:ee,00:c1:b1:14:eb:31,192.168.10.14,50822,104.196.189.120,443,6,4.897927,17,10,7,4562,2823,1739,3.266688,sSE,4.897927
b8:ac:6f:36:07:ee,00:c1:b1:14:eb:31,192.168.10.14,50823,104.196.189.120,443,6,4.597640,17,10,7,4493,2723,1770,3.480046,sSE,4.597640
b8:ac:6f:36:07:ee,00:c1:b1:14:eb:31,192.168.10.14,50824,104.196.189.120,443,6,4.597498,17,10,7,4500,2761,1739,3.480154,sSE,4.597498
b8:ac:6f:36:07:ee,00:c1:b1:14:eb:31,192.168.10.14,50825,156.154.202.36,443,6,0.501959,18,8,10,2519,1439,1080,33.867306,sSEfF,0.501959
b8:ac:6f:36:07:ee,00:c1:b1:14:eb:31,192.168.10.14,50826,156.154.202.36,443,6,0.308658,9,4,5,990,529,461,25.918653,sSE,0.308658
b8:ac:6f:36:07:ee,00:c1:b1:14:eb:31,192.168.10.14,50761,54.86.213.164,443,6,0.050599,5,3,2,350,205,145,79.052940,sSEfFR,0.050599
b8:ac:6f:36:07:ee,00:c1:b1:14:eb:31,192.168.10.14,50767,52.84.140.151,443,6,0.022326,4,3,1,265,205,60,134.372482,sSEfF,0.022326
b8:ac:6f:36:07:ee,00:c1:b1:14:eb:31,192.168.10.14,50827,52.216.21.59,443,6,0.275117,16,7,9,4251,738,3513,54.522255,sSE,0.275117
b8:ac:6f:36:07:ee,18:66:da:9b:e3:7d,192.168.10.14,62640,192.168.10.3,53,17,0.023621,4,2,2,488,164,324,127.005630,CON,0.023621
18:66:da:9b:e3:7d,00:c1:b1:14:eb:31,192.168.10.3,60727,192.168.10.1,53,17,0.023222,2,1,1,266,93,173,43.062614,CON,0.023222
b8:ac:6f:36:07:ee,00:c1:b1:14:eb:31,192.168.10.14,50828,162.248.16.24,443,6,0.706813,23,11,12,8374,2391,5983,31.125631,sSEfR,0.706813
b8:ac:6f:36:07:ee,00:c1:b1:14:eb:31,192.168.10.14,50829,162.248.16.24,443,6,0.706879,23,11,12,8558,2423,6135,31.122723,sSEfR,0.706879
b8:ac:6f:36:07:ee,00:c1:b1:14:eb:31,192.168.10.14,50830,162.248.16.24,443,6,0.706642,21,10,11,8398,2387,6011,28.302876,sSEfR,0.706642
00:23:ae:9b:8a:bf,00:c1:b1:14:eb:31,192.168.10.16,46600,23.194.181.193,443,6,1.410002,55,30,25,35307,2702,32605,38.297817,sSE,1.410002
b8:ac:6f:36:07:ee,18:66:da:9b:e3:7d,192.168.10.14,56151,192.168.10.3,53,17,0.000169,4,2,2,380,174,206,17751.478516,CON,0.000169
b8:ac:6f:36:07:ee,18:66:da:9b:e3:7d,192.168.10.14,63851,192.168.10.3,53,17,0.000234,4,2,2,636,190,446,12820.512695,CON,0.000234
b8:ac:6f:36:07:ee,18:66:da:9b:e3:7d,192.168.10.14,50515,192.168.10.3,53,17,0.023580,4,2,2,542,190,352,127.226463,CON,0.023580
18:66:da:9b:e3:7d,00:c1:b1:14:eb:31,192.168.10.3,60877,192.168.10.1,53,17,0.023226,2,1,1,293,106,187,43.055195,CON,0.023226
00:23:ae:9b:8a:bf,00:c1:b1:14:eb:31,192.168.10.16,48114,172.217.10.226,443,6,4.956070,22,10,12,2411,1259,1152,4.237228,E,4.956070
b8:ac:6f:36:07:ee,00:c1:b1:14:eb:31,192.168.10.14,50831,34.225.175.93,443,6,0.831183,20,11,9,4021,1448,2573,22.858984,sSE,0.831183
00:23:ae:9b:8a:bf,18:66:da:9b:e3:7d,192.168.10.16,15466,192.168.10.3,53,17,0.000347,4,2,2,536,168,368,8645.533203,CON,0.000347
00:23:ae:9b:8a:bf,18:66:da:9b:e3:7d,192.168.10.16,63723,192.168.10.3,53,17,0.000345,4,2,2,622,168,454,8695.652344,CON,0.000345
00:23:ae:9b:8a:bf,00:c1:b1:14:eb:31,192.168.10.16,52264,23.12.36.193,443,6,0.103249,13,7,6,4877,1425,3452,116.223885,sSE,0.103249
b8:ac:6f:36:07:ee,00:c1:b1:14:eb:31,192.168.10.14,50653,23.61.187.27,80,6,0.040423,2,1,1,126,60,66,24.738392,sSE,0.040423
b8:ac:6f:36:07:ee,00:c1:b1:14:eb:31,192.168.10.14,50521,23.42.91.213,443,6,4.102639,10,6,4,770,465,305,2.193710,sSEfFR,4.102639
b8:ac:6f:36:07:ee,00:c1:b1:14:eb:31,192.168.10.14,50468,173.223.152.168,443,6,4.030698,10,6,4,770,465,305,2.232864,sSEfFR,4.030698
b8:ac:6f:36:07:ee,00:c1:b1:14:eb:31,192.168.10.14,50832,178.255.83.1,80,6,0.254506,10,5,5,1890,730,1160,35.362625,sSEfF,0.254506
b8:ac:6f:36:07:ee,00:c1:b1:14:eb:31,192.168.10.14,50833,204.44.79.6,443,6,0.526100,11,6,5,4463,997,3466,19.007793,sSE,0.526100
b8:ac:6f:36:07:ee,00:c1:b1:14:eb:31,192.168.10.14,50834,162.248.16.24,443,6,0.733858,18,9,9,3580,2068,1512,23.165245,sSEfR,0.733858
b8:ac:6f:36:07:ee,00:c1:b1:14:eb:31,192.168.10.14,50835,204.11.109.68,443,6,0.825856,18,9,9,8439,2096,6343,20.584703,sSE,0.825856
b8:ac:6f:36:07:ee,00:c1:b1:14:eb:31,192.168.10.14,50836,162.248.16.24,443,6,1.084417,18,8,10,2557,793,1764,15.676626,sSEfR,1.084417
b8:ac:6f:36:07:ee,00:c1:b1:14:eb:31,192.168.10.14,50837,162.248.16.24,443,6,0.733526,20,10,10,3892,2176,1716,25.902287,sSEfR,0.733526
b8:ac:6f:36:04:e3,00:c1:b1:14:eb:31,192.168.10.12,58802,172.217.10.46,80,6,0.036446,2,1,1,132,66,66,27.437853,sSE,0.036446
b8:ac:6f:36:04:e3,00:c1:b1:14:eb:31,192.168.10.12,58804,172.217.10.46,80,6,0.036464,2,1,1,132,66,66,27.424311,sSE,0.036464
b8:ac:6f:36:0a:8b,00:c1:b1:14:eb:31,192.168.10.5,49493,172.217.11.2,443,6,0.036345,2,1,1,126,60,66,27.514099,sSE,0.036345
b8:ac:6f:36:07:ee,18:66:da:9b:e3:7d,192.168.10.14,58505,192.168.10.3,53,17,0.246869,8,4,4,960,348,612,28.355120,CON,0.246869
18:66:da:9b:e3:7d,00:c1:b1:14:eb:31,192.168.10.3,60222,192.168.10.1,53,17,0.086048,2,1,1,262,98,164,11.621421,CON,0.086048
b8:ac:6f:36:07:ee,00:c1:b1:14:eb:31,192.168.10.14,50838,149.174.66.131,443,6,0.509368,10,5,5,1053,605,448,17.668955,sSE,0.509368
00:23:ae:9b:8a:bf,18:66:da:9b:e3:7d,192.168.10.16,27084,192.168.10.3,53,17,0.000271,4,2,2,492,144,348,11070.110352,CON,0.000271
00:23:ae:9b:8a:bf,18:66:da:9b:e3:7d,192.168.10.16,59808,192.168.10.3,53,17,0.066891,4,2,2,572,144,428,44.849083,CON,0.066891
18:66:da:9b:e3:7d,00:c1:b1:14:eb:31,192.168.10.3,61236,192.168.10.1,53,17,0.066375,2,1,1,250,97,153,15.065913,CON,0.066375
b8:ac:6f:36:04:e3,00:c1:b1:14:eb:31,192.168.10.12,58800,172.217.10.46,80,6,0.042231,2,1,1,132,66,66,23.679287,sSE,0.042231
b8:ac:6f:36:07:ee,00:c1:b1:14:eb:31,192.168.10.14,50660,23.61.187.27,80,6,0.036749,2,1,1,126,60,66,27.211624,sSE,0.036749
00:23:ae:9b:8a:bf,00:c1:b1:14:eb:31,192.168.10.16,41990,23.61.187.27,80,6,0.080296,6,4,2,844,704,140,62.269600,sSE,0.080296
00:23:ae:9b:8a:bf,00:c1:b1:14:eb:31,192.168.10.16,41992,23.61.187.27,80,6,0.075909,6,4,2,844,704,140,65.868340,sSE,0.075909
00:23:ae:9b:8a:bf,00:c1:b1:14:eb:31,192.168.10.16,41994,23.61.187.27,80,6,0.081463,6,4,2,844,704,140,61.377556,sSE,0.081463
00:23:ae:9b:8a:bf,00:c1:b1:14:eb:31,192.168.10.16,41996,23.61.187.27,80,6,0.076345,5,3,2,354,206,148,52.393742,sSE,0.076345
00:23:ae:9b:8a:bf,00:c1:b1:14:eb:31,192.168.10.16,41998,23.61.187.27,80,6,0.081245,6,4,2,844,704,140,61.542252,sSE,0.081245
00:23:ae:9b:8a:bf,00:c1:b1:14:eb:31,192.168.10.16,42000,23.61.187.27,80,6,0.076303,6,4,2,844,704,140,65.528221,sSE,0.076303
b8:ac:6f:36:07:ee,00:c1:b1:14:eb:31,192.168.10.14,50655,52.84.142.241,443,6,0.022441,2,1,1,126,60,66,44.561295,sSE,0.022441
b8:ac:6f:36:07:ee,18:66:da:9b:e3:7d,192.168.10.14,,192.168.10.3,,2054,0.000009,4,2,2,240,120,120,333333.312500,CON,0.000009
00:23:ae:9b:8a:bf,00:c1:b1:14:eb:31,192.168.10.16,50354,52.15.239.205,443,6,0.051406,4,2,2,2858,644,2214,58.358948,E,0.051406
b8:ac:6f:36:07:ee,18:66:da:9b:e3:7d,192.168.10.14,53213,192.168.10.3,53,17,0.152193,8,4,4,824,284,540,45.994232,CON,0.152193
b8:ac:6f:36:07:ee,00:c1:b1:14:eb:31,192.168.10.14,50839,162.248.16.24,443,6,1.014799,18,8,10,2397,793,1604,16.752087,sSEfR,1.014799
b8:ac:6f:36:07:ee,00:c1:b1:14:eb:31,192.168.10.14,50840,162.248.16.24,443,6,0.991066,18,8,10,2397,793,1604,17.153248,sSEfR,0.991066
b8:ac:6f:36:07:ee,18:66:da:9b:e3:7d,192.168.10.14,51180,192.168.10.3,53,17,0.000178,4,2,2,352,160,192,16853.931641,CON,0.000178
00:23:ae:9b:95:67,00:c1:b1:14:eb:31,192.168.10.17,38408,202.77.129.230,443,6,0.221409,2,1,1,120,60,60,4.516529,sSE,0.221409
00:23:ae:9b:8a:bf,00:c1:b1:14:eb:31,192.168.10.16,41426,172.217.12.99,443,6,0.191873,9,4,5,940,492,448,41.694244,E,0.191873
b8:ac:6f:36:07:ee,00:c1:b1:14:eb:31,192.168.10.14,50771,23.36.34.44,443,6,0.029057,5,3,2,350,205,145,137.660461,sSEfFR,0.029057
00:23:ae:9b:8a:bf,18:66:da:9b:e3:7d,192.168.10.16,46455,192.168.10.3,53,17,0.000295,4,2,2,492,144,348,10169.491211,CON,0.000295
00:23:ae:9b:8a:bf,18:66:da:9b:e3:7d,192.168.10.16,32180,192.168.10.3,53,17,0.000243,4,2,2,572,144,428,12345.678711,CON,0.000243
00:23:ae:9b:8a:bf,00:c1:b1:14:eb:31,192.168.10.16,42002,23.61.187.27,80,6,2.695448,19,11,8,8884,2462,6422,6.677925,sSE,2.695448
b8:ac:6f:36:07:ee,00:c1:b1:14:eb:31,192.168.10.14,50841,204.2.255.233,443,6,0.254954,9,4,5,994,533,461,31.378208,sSE,0.254954
b8:ac:6f:36:07:ee,00:c1:b1:14:eb:31,192.168.10.14,50842,204.2.255.233,443,6,3.743307,20,9,11,4512,2254,2258,5.075726,sSE,3.743307
b8:ac:6f:36:07:ee,00:c1:b1:14:eb:31,192.168.10.14,50843,173.231.178.118,443,6,0.242086,11,6,5,2527,1398,1129,41.307636,sSE,0.242086
b8:ac:6f:36:07:ee,00:c1:b1:14:eb:31,192.168.10.14,50844,173.231.178.118,443,6,2.612717,14,8,6,3525,1976,1549,4.975664,sSE,2.612717
b8:ac:6f:36:07:ee,00:c1:b1:14:eb:31,192.168.10.14,50845,173.231.178.118,443,6,2.611936,12,6,6,2371,1427,944,4.211435,sSE,2.611936
b8:ac:6f:36:0a:8b,00:c1:b1:14:eb:31,192.168.10.5,49491,172.217.10.134,443,6,0.035632,2,1,1,126,60,66,28.064661,sSE,0.035632
ba:19:bc:79:87:11,33:33:00:00:00:02,fe80::b819:bcff:fe79:8711,133,ff02::2,,58,0.000031,2,2,0,140,140,0,32258.064453,NRS,0.000031
b8:ac:6f:36:07:ee,00:c1:b1:14:eb:31,192.168.10.14,50736,23.12.36.193,443,6,0.033145,2,1,1,126,60,66,30.170464,sSE,0.033145
b8:ac:6f:36:07:ee,00:c1:b1:14:eb:31,192.168.10.14,50737,23.12.36.193,443,6,0.033136,2,1,1,126,60,66,30.178659,sSE,0.033136
00:1e:4f:d4:ca:28,00:c1:b1:14:eb:31,192.168.10.15,49499,72.21.91.29,80,6,0.023539,3,2,1,180,120,60,84.965378,sSEf,0.023539
00:23:ae:9b:8a:bf,18:66:da:9b:e3:7d,192.168.10.16,65479,192.168.10.3,53,17,0.111207,4,2,2,500,154,346,26.976719,CON,0.111207
00:23:ae:9b:8a:bf,18:66:da:9b:e3:7d,192.168.10.16,59251,192.168.10.3,53,17,0.114432,4,2,2,468,154,314,26.216442,CON,0.114432
18:66:da:9b:e3:7d,00:c1:b1:14:eb:31,192.168.10.3,62210,192.168.10.1,53,17,0.110674,2,1,1,272,88,184,9.035545,CON,0.110674
18:66:da:9b:e3:7d,00:c1:b1:14:eb:31,192.168.10.3,62495,192.168.10.1,53,17,0.113427,2,1,1,309,88,221,8.816243,CON,0.113427
b8:ac:6f:36:07:ee,18:66:da:9b:e3:7d,192.168.10.14,56095,192.168.10.3,53,17,0.065067,4,2,2,436,142,294,46.106319,CON,0.065067
18:66:da:9b:e3:7d,00:c1:b1:14:eb:31,192.168.10.3,62267,192.168.10.1,53,17,0.064636,2,1,1,240,82,158,15.471254,CON,0.064636
b8:ac:6f:36:07:ee,18:66:da:9b:e3:7d,192.168.10.14,54766,192.168.10.3,53,17,0.048155,4,2,2,408,170,238,62.298828,CON,0.048155
18:66:da:9b:e3:7d,00:c1:b1:14:eb:31,192.168.10.3,61947,192.168.10.1,53,17,0.047713,2,1,1,226,96,130,20.958649,CON,0.047713
b8:ac:6f:36:07:ee,18:66:da:9b:e3:7d,192.168.10.14,54869,192.168.10.3,53,17,0.024020,4,2,2,452,172,280,124.895920,CON,0.024020
18:66:da:9b:e3:7d,00:c1:b1:14:eb:31,192.168.10.3,61181,192.168.10.1,53,17,0.023556,2,1,1,248,97,151,42.452030,CON,0.023556
b8:ac:6f:36:07:ee,18:66:da:9b:e3:7d,192.168.10.14,57431,192.168.10.3,53,17,0.048340,4,2,2,454,172,282,62.060406,CON,0.048340
18:66:da:9b:e3:7d,00:c1:b1:14:eb:31,192.168.10.3,60281,192.168.10.1,53,17,0.047969,2,1,1,249,97,152,20.846798,CON,0.047969
18:66:da:9b:e3:7d,00:c1:b1:14:eb:31,192.168.10.3,62347,192.168.10.1,53,17,0.000495,2,1,1,248,96,152,2020.202026,CON,0.000495
00:23:ae:9b:8a:bf,00:c1:b1:14:eb:31,192.168.10.16,36716,93.184.216.16,443,6,4.138556,41,17,24,17073,2214,14859,9.665207,sSE,4.138556
00:23:ae:9b:8a:bf,00:c1:b1:14:eb:31,192.168.10.16,36718,93.184.216.16,443,6,0.291858,87,40,47,53344,3483,49861,294.663849,sSEfR,0.291858
00:23:ae:9b:8a:bf,00:c1:b1:14:eb:31,192.168.10.16,36720,93.184.216.16,443,6,0.260293,25,13,12,6105,1407,4698,92.203781,sSEfF,0.260293
00:23:ae:9b:8a:bf,00:c1:b1:14:eb:31,192.168.10.16,36722,93.184.216.16,443,6,0.260438,21,12,9,2297,1341,956,76.793709,sSEfF,0.260438
b8:ac:6f:36:07:ee,18:66:da:9b:e3:7d,192.168.10.14,62141,192.168.10.3,53,17,0.000203,4,2,2,356,162,194,14778.325195,CON,0.000203
b8:ac:6f:36:07:ee,18:66:da:9b:e3:7d,192.168.10.14,56350,192.168.10.3,53,17,0.023629,4,2,2,482,160,322,126.962631,CON,0.023629
18:66:da:9b:e3:7d,00:c1:b1:14:eb:31,192.168.10.3,60634,192.168.10.1,53,17,0.023268,2,1,1,263,91,172,42.977482,CON,0.023268
b8:ac:6f:36:07:ee,18:66:da:9b:e3:7d,192.168.10.14,62388,192.168.10.3,53,17,0.000209,4,2,2,488,164,324,14354.066406,CON,0.000209
b8:ac:6f:36:07:ee,18:66:da:9b:e3:7d,192.168.10.14,52963,192.168.10.3,53,17,0.048410,4,2,2,444,162,282,61.970669,CON,0.048410
18:66:da:9b:e3:7d,00:c1:b1:14:eb:31,192.168.10.3,61775,192.168.10.1,53,17,0.048073,2,1,1,244,92,152,20.801697,CON,0.048073
b8:ac:6f:36:07:ee,18:66:da:9b:e3:7d,192.168.10.14,65292,192.168.10.3,53,17,0.048196,4,2,2,410,164,246,62.245831,CON,0.048196
18:66:da:9b:e3:7d,00:c1:b1:14:eb:31,192.168.10.3,60755,192.168.10.1,53,17,0.047855,2,1,1,227,93,134,20.896458,CON,0.047855
b8:ac:6f:36:07:ee,00:c1:b1:14:eb:31,192.168.10.14,50846,162.248.16.24,443,6,0.486503,19,9,10,2305,853,1452,36.998745,sSEfR,0.486503
b8:ac:6f:36:07:ee,00:c1:b1:14:eb:31,192.168.10.14,50847,162.248.16.24,443,6,0.529271,19,9,10,2305,853,1452,34.009041,sSEfR,0.529271
b8:ac:6f:36:07:ee,00:c1:b1:14:eb:31,192.168.10.14,50848,162.248.16.24,443,6,0.482260,17,8,9,2337,793,1544,33.177124,sSEfR,0.482260
b8:ac:6f:36:07:ee,18:66:da:9b:e3:7d,192.168.10.14,55607,192.168.10.3,53,17,0.024043,4,2,2,488,148,340,124.776443,CON,0.024043
18:66:da:9b:e3:7d,00:c1:b1:14:eb:31,192.168.10.3,62255,192.168.10.1,53,17,0.023658,2,1,1,266,85,181,42.269001,CON,0.023658
b8:ac:6f:36:07:ee,00:c1:b1:14:eb:31,192.168.10.14,50849,23.36.34.44,443,6,5.048260,39,15,24,15297,4916,10381,7.527346,sSE,5.048260
b8:ac:6f:36:04:e3,00:c1:b1:14:eb:31,192.168.10.12,46544,23.205.18.73,443,6,0.022954,2,1,1,132,66,66,43.565392,sSE,0.022954
b8:ac:6f:36:07:ee,00:c1:b1:14:eb:31,192.168.10.14,50850,162.248.16.24,443,6,0.937161,17,8,9,2185,793,1392,17.072840,sSEfR,0.937161
b8:ac:6f:36:07:ee,00:c1:b1:14:eb:31,192.168.10.14,50851,162.248.16.24,443,6,0.985915,19,9,10,2393,853,1540,18.257153,sSEfR,0.985915
b8:ac:6f:36:07:ee,00:c1:b1:14:eb:31,192.168.10.14,50852,23.36.34.44,443,6,0.194005,12,6,6,5220,671,4549,56.699570,sSE,0.194005
b8:ac:6f:36:07:ee,00:c1:b1:14:eb:31,192.168.10.14,50853,162.248.16.24,443,6,1.013953,17,8,9,2401,793,1608,15.779824,sSEfR,1.013953
b8:ac:6f:36:07:ee,00:c1:b1:14:eb:31,192.168.10.14,50654,52.84.144.121,443,6,0.021975,2,1,1,126,60,66,45.506260,sSE,0.021975
b8:ac:6f:36:07:ee,00:c1:b1:14:eb:31,192.168.10.14,50745,23.208.217.175,443,6,0.036696,2,1,1,126,60,66,27.250927,sSE,0.036696
00:1e:4f:d4:ca:28,00:c1:b1:14:eb:31,192.168.10.15,49502,59.153.92.181,443,6,0.000000,1,0,1,328,0,328,0.000000,sSEf,0.000000
b8:ac:6f:36:07:ee,00:c1:b1:14:eb:31,192.168.10.14,50675,104.16.25.216,80,6,0.015208,2,1,1,126,60,66,65.754868,sSE,0.015208
b8:ac:6f:36:07:ee,00:c1:b1:14:eb:31,192.168.10.14,50676,104.16.25.216,80,6,0.015183,2,1,1,126,60,66,65.863136,sSE,0.015183
b8:ac:6f:36:07:ee,00:c1:b1:14:eb:31,192.168.10.14,50750,72.21.206.140,443,6,0.050501,2,1,1,120,60,60,19.801588,sSE,0.050501
00:23:ae:9b:ad:b3,18:66:da:9b:e3:7d,192.168.10.19,53693,192.168.10.3,3268,6,0.000306,6,4,2,1322,1046,276,16339.869141,E,0.000306
00:23:ae:9b:ad:b3,18:66:da:9b:e3:7d,192.168.10.19,55456,192.168.10.3,389,6,0.000277,6,4,2,1810,1046,764,18050.541016,E,0.000277
b8:ac:6f:36:07:ee,00:c1:b1:14:eb:31,192.168.10.14,50747,161.170.238.122,443,6,0.061232,2,1,1,120,60,60,16.331329,sSE,0.061232
00:1e:4f:d4:ca:28,00:c1:b1:14:eb:31,192.168.10.15,49500,52.36.90.35,443,6,0.083337,6,3,3,410,205,205,59.997360,sSEfFR,0.083337
00:1e:4f:d4:ca:28,00:c1:b1:14:eb:31,192.168.10.15,49501,52.10.50.117,443,6,0.084931,6,3,3,410,205,205,58.871319,sSEfFR,0.084931
b8:ac:6f:36:07:ee,18:66:da:9b:e3:7d,192.168.10.14,49217,192.168.10.3,53,17,0.024344,4,2,2,328,148,180,123.233658,CON,0.024344
18:66:da:9b:e3:7d,00:c1:b1:14:eb:31,192.168.10.3,61904,192.168.10.1,53,17,0.023988,2,1,1,186,85,101,41.687511,CON,0.023988
b8:ac:6f:36:07:ee,18:66:da:9b:e3:7d,192.168.10.14,62735,192.168.10.3,53,17,0.261361,8,4,4,1400,280,1120,26.782879,CON,0.261361
18:66:da:9b:e3:7d,00:c1:b1:14:eb:31,192.168.10.3,60884,192.168.10.1,53,17,0.093636,2,1,1,372,81,291,10.679653,CON,0.093636
b8:ac:6f:36:07:ee,18:66:da:9b:e3:7d,192.168.10.14,53469,192.168.10.3,53,17,0.259985,8,4,4,976,296,680,26.924631,CON,0.259985
18:66:da:9b:e3:7d,00:c1:b1:14:eb:31,192.168.10.3,60583,192.168.10.1,53,17,0.087444,2,1,1,266,85,181,11.435890,CON,0.087444
b8:ac:6f:36:07:ee,18:66:da:9b:e3:7d,192.168.10.14,59422,192.168.10.3,53,17,0.127146,4,2,2,446,152,294,23.594921,CON,0.127146
18:66:da:9b:e3:7d,00:c1:b1:14:eb:31,192.168.10.3,61597,192.168.10.1,53,17,0.126760,2,1,1,245,87,158,7.888924,CON,0.126760
b8:ac:6f:36:07:ee,18:66:da:9b:e3:7d,192.168.10.14,59092,192.168.10.3,53,17,0.257294,8,4,4,1248,336,912,27.206230,CON,0.257294
18:66:da:9b:e3:7d,00:c1:b1:14:eb:31,192.168.10.3,60406,192.168.10.1,53,17,0.077053,2,1,1,334,95,239,12.978080,CON,0.077053
b8:ac:6f:36:07:ee,00:c1:b1:14:eb:31,192.168.10.14,50854,67.226.210.12,443,6,0.450329,11,7,4,2213,1251,962,22.205986,sSE,0.450329
b8:ac:6f:36:07:ee,00:c1:b1:14:eb:31,192.168.10.14,50754,54.172.7.186,443,6,0.050102,2,1,1,126,60,66,19.959284,sSE,0.050102
b8:ac:6f:36:07:ee,00:c1:b1:14:eb:31,192.168.10.14,50659,23.61.187.27,80,6,0.038997,2,1,1,126,60,66,25.643000,sSE,0.038997
00:c1:b1:14:eb:31,00:23:ae:9b:8a:bf,191.237.24.89,443,192.168.10.16,34436,6,0.000004,2,1,1,185,119,66,250000.000000,E,0.000004
b8:ac:6f:36:07:ee,18:66:da:9b:e3:7d,192.168.10.14,59387,192.168.10.3,53,17,0.000003,2,0,2,274,0,274,333333.312500,RSP,0.000003
b8:ac:6f:36:07:ee,00:c1:b1:14:eb:31,192.168.10.14,50855,67.226.210.12,443,6,3.800463,14,8,6,1434,791,643,3.420636,sSEfF,3.800463
70:6e:6d:1d:bb:02,01:00:0c:cc:cc:cc,01:00:0c:cc:cc:cc,170,70:6e:6d:1d:bb:02,170,0,0.000000,1,1,0,457,457,0,0.000000,INT,0.000000
b8:ac:6f:36:07:ee,00:c1:b1:14:eb:31,192.168.10.14,50759,52.55.125.33,443,6,0.050619,2,1,1,126,60,66,19.755428,sSE,0.050619
b8:ac:6f:36:07:ee,00:c1:b1:14:eb:31,192.168.10.14,50756,52.89.104.64,443,6,0.082855,2,1,1,126,60,66,12.069278,sSE,0.082855
b8:ac:6f:36:07:ee,00:c1:b1:14:eb:31,192.168.10.14,50856,162.248.16.24,443,6,0.646694,18,9,9,2365,853,1512,26.287548,sSEfFR,0.646694
b8:ac:6f:36:07:ee,00:c1:b1:14:eb:31,192.168.10.14,50857,162.248.16.24,443,6,0.646560,19,9,10,2569,853,1716,27.839643,sSEfFR,0.646560
b8:ac:6f:36:07:ee,00:c1:b1:14:eb:31,192.168.10.14,50858,162.248.16.24,443,6,0.646439,20,9,11,2629,853,1776,29.391790,sSEfR,0.646439
b8:ac:6f:36:07:ee,00:c1:b1:14:eb:31,192.168.10.14,50859,162.248.16.24,443,6,0.646481,19,9,10,2569,853,1716,27.843046,sSEfR,0.646481
b8:ac:6f:36:07:ee,00:c1:b1:14:eb:31,192.168.10.14,50860,162.248.16.24,443,6,0.832235,20,9,11,2453,853,1600,22.830091,sSEfR,0.832235
b8:ac:6f:36:07:ee,00:c1:b1:14:eb:31,192.168.10.14,50861,162.248.16.24,443,6,0.832109,19,9,10,2393,853,1540,21.631783,sSEfR,0.832109
b8:ac:6f:36:07:ee,18:66:da:9b:e3:7d,192.168.10.14,52857,192.168.10.3,53,17,0.000216,4,2,2,328,148,180,13888.888672,CON,0.000216
b8:ac:6f:36:07:ee,00:c1:b1:14:eb:31,192.168.10.14,50862,52.204.60.158,443,6,1.875934,17,10,7,3483,1501,1982,8.529085,sSE,1.875934
b8:ac:6f:36:07:ee,00:c1:b1:14:eb:31,192.168.10.14,50863,52.204.60.158,443,6,1.840471,15,9,6,3770,1923,1847,7.606749,sSE,1.840471
b8:ac:6f:36:07:ee,18:66:da:9b:e3:7d,192.168.10.14,57717,192.168.10.3,53,17,0.000178,4,2,2,404,170,234,16853.931641,CON,0.000178
b8:ac:6f:36:07:ee,18:66:da:9b:e3:7d,192.168.10.14,51493,192.168.10.3,53,17,0.023983,4,2,2,426,148,278,125.088608,CON,0.023983
18:66:da:9b:e3:7d,00:c1:b1:14:eb:31,192.168.10.3,61173,192.168.10.1,53,17,0.023563,2,1,1,235,85,150,42.439419,CON,0.023563
b8:ac:6f:36:07:ee,00:c1:b1:14:eb:31,192.168.10.14,50864,52.200.191.209,443,6,0.309423,12,7,5,3158,741,2417,35.550041,sSE,0.309423
b8:ac:6f:36:07:ee,00:c1:b1:14:eb:31,192.168.10.14,50865,52.200.191.209,443,6,0.809316,14,8,6,5353,1241,4112,16.062948,sSE,0.809316
b8:ac:6f:36:07:ee,18:66:da:9b:e3:7d,192.168.10.14,50468,192.168.10.3,53,17,0.000255,4,2,2,624,168,456,11764.706055,CON,0.000255
b8:ac:6f:36:07:ee,00:c1:b1:14:eb:31,192.168.10.14,50866,52.4.13.248,443,6,0.808269,14,8,6,5250,1321,3929,16.083754,sSE,0.808269
b8:ac:6f:36:07:ee,00:c1:b1:14:eb:31,192.168.10.14,50867,52.4.13.248,443,6,0.308127,11,6,5,4137,671,3466,32.454151,sSE,0.308127
b8:ac:6f:36:07:ee,33:33:00:01:00:02,fe80::3c60:fc97:3f94:ac8f,546,ff02::1:2,547,17,0.000204,26,26,0,4290,4290,0,122549.023438,REQ,0.000204
b8:ac:6f:36:07:ee,00:c1:b1:14:eb:31,192.168.10.14,50752,185.86.139.58,443,6,0.111796,2,1,1,120,60,60,8.944864,sSE,0.111796
b8:ac:6f:36:07:ee,18:66:da:9b:e3:7d,192.168.10.14,51235,192.168.10.3,53,17,0.052553,4,2,2,428,170,258,57.085228,CON,0.052553
18:66:da:9b:e3:7d,00:c1:b1:14:eb:31,192.168.10.3,60932,192.168.10.1,53,17,0.052134,2,1,1,236,96,140,19.181341,CON,0.052134
b8:ac:6f:36:07:ee,18:66:da:9b:e3:7d,192.168.10.14,63410,192.168.10.3,53,17,0.221528,4,2,2,446,168,278,13.542307,CON,0.221528
18:66:da:9b:e3:7d,00:c1:b1:14:eb:31,192.168.10.3,60441,192.168.10.1,53,17,0.221220,2,1,1,245,95,150,4.520387,CON,0.221220
00:25:00:a8:c4:60,00:c1:b1:14:eb:31,192.168.10.25,49280,185.165.123.22,443,6,0.000241,4,2,2,301,132,169,12448.132812,sSEfF,0.000241
b8:ac:6f:36:07:ee,00:c1:b1:14:eb:31,192.168.10.14,50868,52.33.227.225,443,6,0.609659,9,6,3,930,699,231,13.122089,sSE,0.609659
b8:ac:6f:36:07:ee,00:c1:b1:14:eb:31,192.168.10.14,50869,52.33.227.225,443,6,0.709652,14,8,6,5085,1381,3704,18.318838,sSE,0.709652
00:25:00:a8:c4:60,00:c1:b1:14:eb:31,192.168.10.25,49281,185.165.123.22,443,6,0.000157,4,2,2,301,132,169,19108.279297,sSEfF,0.000157
00:23:ae:9b:8a:bf,00:c1:b1:14:eb:31,192.168.10.16,45936,23.194.141.104,443,6,0.110638,9,5,4,1330,906,424,72.307884,sSE,0.110638
00:23:ae:9b:8a:bf,18:66:da:9b:e3:7d,192.168.10.16,21014,192.168.10.3,53,17,0.046749,4,2,2,450,158,292,64.172493,CON,0.046749
00:23:ae:9b:8a:bf,18:66:da:9b:e3:7d,192.168.10.16,57209,192.168.10.3,53,17,0.071650,4,2,2,418,158,260,41.870205,CON,0.071650
18:66:da:9b:e3:7d,00:c1:b1:14:eb:31,192.168.10.3,61655,192.168.10.1,53,17,0.046296,2,1,1,247,90,157,21.600138,CON,0.046296
18:66:da:9b:e3:7d,00:c1:b1:14:eb:31,192.168.10.3,61988,192.168.10.1,53,17,0.070469,2,1,1,296,90,206,14.190638,CON,0.070469
b8:ac:6f:36:07:ee,00:c1:b1:14:eb:31,192.168.10.14,50870,50.63.243.230,80,6,0.415872,11,5,6,3342,721,2621,24.045860,sSEfF,0.415872
b8:ac:6f:36:07:ee,00:c1:b1:14:eb:31,192.168.10.14,50871,50.63.243.230,80,6,0.415739,11,5,6,3342,721,2621,24.053553,sSEfF,0.415739
b8:ac:6f:36:07:ee,00:c1:b1:14:eb:31,192.168.10.14,50872,178.255.83.1,80,6,0.406390,10,5,5,1888,729,1159,22.146214,sSEfF,0.406390
b8:ac:6f:36:07:ee,00:c1:b1:14:eb:31,192.168.10.14,50873,50.63.243.230,80,6,0.032749,3,2,1,186,126,60,61.070564,sSE,0.032749
b8:ac:6f:36:07:ee,00:c1:b1:14:eb:31,192.168.10.14,50874,50.63.243.230,80,6,0.032846,3,2,1,192,126,66,60.890213,sSE,0.032846
b8:ac:6f:36:04:e3,00:c1:b1:14:eb:31,192.168.10.12,123,208.75.89.4,123,17,0.077370,2,1,1,180,90,90,12.924906,CON,0.077370
00:23:ae:9b:8a:bf,00:c1:b1:14:eb:31,192.168.10.16,38116,54.183.219.110,443,6,0.000000,3,1,2,1362,66,1296,0.000000,sSE,0.000000
18:66:da:9b:e3:7d,00:c1:b1:14:eb:31,192.168.10.3,60536,192.168.10.1,53,17,0.000444,2,1,1,287,111,176,2252.252197,CON,0.000444
00:23:ae:9b:8a:bf,00:c1:b1:14:eb:31,192.168.10.16,52898,198.232.124.196,443,6,1.009030,26,16,10,4922,1745,3177,24.776270,sSEfF,1.009030
00:23:ae:9b:8a:bf,00:c1:b1:14:eb:31,192.168.10.16,52900,198.232.124.196,443,6,1.600487,31,16,15,12496,1713,10783,18.744295,sSE,1.600487
00:23:ae:9b:8a:bf,18:66:da:9b:e3:7d,192.168.10.16,3982,192.168.10.3,53,17,0.000199,4,2,2,416,160,256,15075.376953,CON,0.000199
00:23:ae:9b:8a:bf,18:66:da:9b:e3:7d,192.168.10.16,28880,192.168.10.3,53,17,0.000197,4,2,2,440,160,280,15228.426758,CON,0.000197
00:23:ae:9b:8a:bf,00:c1:b1:14:eb:31,192.168.10.16,45574,31.13.80.12,443,6,3.228663,94,43,51,64913,3760,61153,28.804493,sSE,3.228663
00:23:ae:9b:8a:bf,18:66:da:9b:e3:7d,192.168.10.16,45530,192.168.10.3,53,17,0.050588,4,2,2,456,168,288,59.302601,CON,0.050588
00:23:ae:9b:8a:bf,18:66:da:9b:e3:7d,192.168.10.16,23432,192.168.10.3,53,17,0.000205,4,2,2,480,168,312,14634.146484,CON,0.000205
18:66:da:9b:e3:7d,00:c1:b1:14:eb:31,192.168.10.3,61562,192.168.10.1,53,17,0.050162,2,1,1,224,104,120,19.935410,CON,0.050162
00:23:ae:9b:8a:bf,18:66:da:9b:e3:7d,192.168.10.16,16747,192.168.10.3,53,17,0.049815,4,2,2,456,168,288,60.222824,CON,0.049815
b8:ac:6f:36:08:f5,00:c1:b1:14:eb:31,192.168.10.8,49269,52.43.87.30,443,6,0.083819,2,1,1,120,60,60,11.930469,sSE,0.083819
00:23:ae:9b:8a:bf,00:c1:b1:14:eb:31,192.168.10.16,53714,172.217.11.40,443,6,0.294493,41,17,24,25597,1877,23720,135.826660,sSE,0.294493
00:23:ae:9b:95:67,00:c1:b1:14:eb:31,192.168.10.17,55691,192.229.173.173,443,6,0.023310,2,1,1,132,66,66,42.900043,sSE,0.023310
00:23:ae:9b:8a:bf,18:66:da:9b:e3:7d,192.168.10.16,15738,192.168.10.3,53,17,0.049231,4,2,2,490,156,334,60.937214,CON,0.049231
00:23:ae:9b:8a:bf,18:66:da:9b:e3:7d,192.168.10.16,52447,192.168.10.3,53,17,0.024310,4,2,2,574,156,418,123.406006,CON,0.024310
18:66:da:9b:e3:7d,00:c1:b1:14:eb:31,192.168.10.3,61356,192.168.10.1,53,17,0.048781,2,1,1,267,89,178,20.499784,CON,0.048781
18:66:da:9b:e3:7d,00:c1:b1:14:eb:31,192.168.10.3,60614,192.168.10.1,53,17,0.023759,2,1,1,309,89,220,42.089314,CON,0.023759
b8:ac:6f:36:0a:8b,00:c1:b1:14:eb:31,192.168.10.5,49443,52.84.145.232,443,6,0.021954,2,1,1,120,60,60,45.549786,sSEfF,0.021954
b8:ac:6f:36:0a:8b,00:c1:b1:14:eb:31,192.168.10.5,49486,52.84.145.232,443,6,0.022184,2,1,1,120,60,60,45.077534,sSEfF,0.022184
b8:ac:6f:36:0a:8b,00:c1:b1:14:eb:31,192.168.10.5,49254,43.251.41.28,443,6,0.283618,4,2,2,1529,731,798,10.577608,E,0.283618
b8:ac:6f:36:07:ee,18:66:da:9b:e3:7d,192.168.10.14,59864,192.168.10.3,53,17,0.024249,4,2,2,420,172,248,123.716438,CON,0.024249
18:66:da:9b:e3:7d,00:c1:b1:14:eb:31,192.168.10.3,62478,192.168.10.1,53,17,0.023879,2,1,1,232,97,135,41.877800,CON,0.023879
00:23:ae:9b:8a:bf,18:66:da:9b:e3:7d,192.168.10.16,58939,192.168.10.3,53,17,0.121068,4,2,2,480,150,330,24.779463,CON,0.121068
00:23:ae:9b:8a:bf,18:66:da:9b:e3:7d,192.168.10.16,22688,192.168.10.3,53,17,0.070985,4,2,2,448,150,298,42.262451,CON,0.070985
18:66:da:9b:e3:7d,00:c1:b1:14:eb:31,192.168.10.3,62058,192.168.10.1,53,17,0.120379,2,1,1,262,86,176,8.307096,CON,0.120379
18:66:da:9b:e3:7d,00:c1:b1:14:eb:31,192.168.10.3,62406,192.168.10.1,53,17,0.069801,2,1,1,304,86,218,14.326442,CON,0.069801
00:23:ae:9b:8a:bf,00:c1:b1:14:eb:31,192.168.10.16,46636,23.194.181.193,443,6,0.118029,35,18,17,23044,2000,21044,288.064789,sSE,0.118029
00:23:ae:9b:8a:bf,18:66:da:9b:e3:7d,192.168.10.16,8772,192.168.10.3,53,17,0.000188,4,2,2,412,154,258,15957.446289,CON,0.000188
00:23:ae:9b:8a:bf,18:66:da:9b:e3:7d,192.168.10.16,43748,192.168.10.3,53,17,0.000187,4,2,2,436,154,282,16042.781250,CON,0.000187
00:23:ae:9b:8a:bf,00:c1:b1:14:eb:31,192.168.10.16,52102,172.217.12.163,443,6,0.840267,46,24,22,23879,2447,21432,53.554405,sSE,0.840267
00:23:ae:9b:8a:bf,00:c1:b1:14:eb:31,192.168.10.16,46640,23.194.181.193,443,6,0.145036,13,7,6,5181,791,4390,82.738083,sSE,0.145036
18:66:da:9b:e3:7d,00:c1:b1:14:eb:31,192.168.10.3,61472,192.168.10.1,53,17,0.000446,2,1,1,247,93,154,2242.152588,CON,0.000446
