SrcMac,DstMac,SrcAddr,Sport,DstAddr,Dport,Proto,Mean,TotPkts,SrcPkts,DstPkts,TotBytes,SrcBytes,DstBytes,Rate,State,Dur
b8:ac:6f:1d:1f:6c,00:c1:b1:14:eb:31,192.168.10.9,62915,199.244.50.41,80,6,5.006600,5,3,2,306,180,126,0.798945,sSEfF,5.006600
b8:ac:6f:1d:1f:6c,00:c1:b1:14:eb:31,192.168.10.9,62914,199.244.50.41,80,6,5.005888,5,3,2,306,180,126,0.799059,sSEfF,5.005888
b8:ac:6f:1d:1f:6c,00:c1:b1:14:eb:31,192.168.10.9,63018,199.244.50.41,80,6,5.001809,5,3,2,306,180,126,0.799711,sSEfF,5.001809
b8:ac:6f:1d:1f:6c,00:c1:b1:14:eb:31,192.168.10.9,63019,199.244.50.41,80,6,5.002499,5,3,2,306,180,126,0.799600,sSEfF,5.002499
b8:ac:6f:1d:1f:6c,00:c1:b1:14:eb:31,192.168.10.9,62918,199.244.50.41,80,6,5.003580,5,3,2,306,180,126,0.799428,sSEfF,5.003580
b8:ac:6f:1d:1f:6c,00:c1:b1:14:eb:31,192.168.10.9,63115,209.15.36.32,80,6,3.001951,2,2,0,132,132,0,0.333117,s,3.001951
b8:ac:6f:1d:1f:6c,00:c1:b1:14:eb:31,192.168.10.9,63122,209.15.36.32,80,6,2.991031,2,2,0,132,132,0,0.334333,s,2.991031
b8:ac:6f:1d:1f:6c,00:c1:b1:14:eb:31,192.168.10.9,63123,23.21.69.150,80,6,2.615210,11,6,5,1538,740,798,3.823785,sSEfF,2.615210
b8:ac:6f:36:04:e3,00:c1:b1:14:eb:31,192.168.10.12,42738,172.217.10.227,443,6,3.869999,9,6,3,763,519,244,2.067184,sSEfF,3.869999
b8:ac:6f:36:04:e3,00:c1:b1:14:eb:31,192.168.10.12,34048,172.217.12.142,443,6,4.868086,9,6,3,763,519,244,1.643356,sSEfF,4.868086
b8:ac:6f:36:04:e3,00:c1:b1:14:eb:31,192.168.10.12,34904,157.240.2.25,443,6,3.868702,13,8,5,1080,633,447,3.101816,sSEfR,3.868702
b8:ac:6f:36:04:e3,00:c1:b1:14:eb:31,192.168.10.12,45206,172.217.12.163,443,6,3.870321,9,6,3,763,519,244,2.067012,sSEfF,3.870321
b8:ac:6f:36:04:e3,00:c1:b1:14:eb:31,192.168.10.12,52926,172.217.3.109,443,6,3.870313,9,6,3,763,519,244,2.067016,sSEfF,3.870313
b8:ac:6f:1d:1f:6c,00:c1:b1:14:eb:31,192.168.10.9,62709,23.21.83.14,80,6,4.965533,5,2,3,1041,654,387,0.805553,sSE,4.965533
00:19:b9:0a:69:f1,01:00:5e:00:00:fb,192.168.10.50,5353,224.0.0.251,5353,17,1.628026,52,52,0,7124,7124,0,31.326281,REQ,1.628026
b8:ac:6f:36:04:e3,00:c1:b1:14:eb:31,192.168.10.12,51462,172.217.11.8,443,6,3.867800,9,6,3,763,519,244,2.068359,sSEfF,3.867800
b8:ac:6f:36:0a:8b,00:c1:b1:14:eb:31,192.168.10.5,51842,52.15.124.132,443,6,4.983170,4,2,2,265,120,145,0.602026,sSEfF,4.983170
b8:ac:6f:36:0a:8b,00:c1:b1:14:eb:31,192.168.10.5,51844,52.15.124.132,443,6,4.983157,4,2,2,265,120,145,0.602028,sSEfF,4.983157
b8:ac:6f:36:0a:8b,00:c1:b1:14:eb:31,192.168.10.5,51843,52.15.124.132,443,6,4.983157,4,2,2,265,120,145,0.602028,sSEfF,4.983157
b8:ac:6f:1d:1f:6c,00:c1:b1:14:eb:31,192.168.10.9,62484,172.217.6.230,443,6,0.965982,28,7,21,2487,704,1783,27.950830,E,0.965982
00:19:b9:0a:69:f1,00:c1:b1:14:eb:31,192.168.10.50,123,206.108.0.134,123,17,3.981205,8,4,4,720,360,360,1.758262,CON,3.981205
b8:ac:6f:36:0b:a8,00:c1:b1:14:eb:31,192.168.10.51,40014,54.77.139.191,443,6,0.513665,7,4,3,493,264,229,11.680764,sSEfF,0.513665
b8:ac:6f:36:0b:a8,00:c1:b1:14:eb:31,192.168.10.51,51512,107.21.127.106,443,6,0.281976,7,4,3,493,264,229,21.278406,sSEfF,0.281976
b8:ac:6f:36:0b:a8,00:c1:b1:14:eb:31,192.168.10.51,51511,107.21.127.106,443,6,0.217979,7,4,3,493,264,229,27.525587,sSEfF,0.217979
b8:ac:6f:36:0b:a8,00:c1:b1:14:eb:31,192.168.10.51,51508,107.21.127.106,443,6,0.217970,7,4,3,493,264,229,27.526724,sSEfF,0.217970
00:19:b9:0a:69:f1,18:66:da:9b:e3:7d,192.168.10.50,53074,192.168.10.3,389,6,0.187036,19,12,7,3244,1342,1902,96.238159,sSEfR,0.187036
b8:ac:6f:1d:1f:6c,00:c1:b1:14:eb:31,192.168.10.9,62851,52.24.177.179,80,6,0.084119,2,1,1,126,60,66,11.887920,sSE,0.084119
00:19:b9:0a:69:f1,18:66:da:9b:e3:7d,192.168.10.50,40391,192.168.10.3,53,17,0.000016,4,2,2,328,148,180,187500.000000,CON,0.000016
00:19:b9:0a:69:f1,18:66:da:9b:e3:7d,192.168.10.50,54555,192.168.10.3,53,17,0.000009,4,2,2,390,148,242,333333.312500,CON,0.000009
00:19:b9:0a:69:f1,18:66:da:9b:e3:7d,192.168.10.50,47323,192.168.10.3,53,17,0.000176,4,2,2,396,170,226,17045.455078,CON,0.000176
00:19:b9:0a:69:f1,18:66:da:9b:e3:7d,192.168.10.50,47415,192.168.10.3,53,17,0.000177,4,2,2,444,172,272,16949.152344,CON,0.000177
00:19:b9:0a:69:f1,18:66:da:9b:e3:7d,192.168.10.50,5648,192.168.10.3,53,17,0.000170,4,2,2,444,172,272,17647.058594,CON,0.000170
00:19:b9:0a:69:f1,18:66:da:9b:e3:7d,192.168.10.50,1641,192.168.10.3,53,17,0.000191,4,2,2,328,148,180,15706.806641,CON,0.000191
00:19:b9:0a:69:f1,18:66:da:9b:e3:7d,192.168.10.50,17516,192.168.10.3,53,17,0.000255,4,2,2,390,148,242,11764.706055,CON,0.000255
00:19:b9:0a:69:f1,18:66:da:9b:e3:7d,192.168.10.50,33856,192.168.10.3,88,17,0.000998,6,4,2,4084,3370,714,5010.020020,CON,0.000998
00:19:b9:0a:69:f1,18:66:da:9b:e3:7d,192.168.10.50,57839,192.168.10.3,53,17,0.000217,4,2,2,494,186,308,13824.884766,CON,0.000217
00:19:b9:0a:69:f1,18:66:da:9b:e3:7d,192.168.10.50,33931,192.168.10.3,53,17,0.000223,4,2,2,444,172,272,13452.915039,CON,0.000223
00:19:b9:0a:69:f1,18:66:da:9b:e3:7d,192.168.10.50,59674,192.168.10.3,53,17,0.000220,4,2,2,328,148,180,13636.363281,CON,0.000220
00:19:b9:0a:69:f1,18:66:da:9b:e3:7d,192.168.10.50,39055,192.168.10.3,53,17,0.000206,4,2,2,390,148,242,14563.107422,CON,0.000206
00:19:b9:0a:69:f1,18:66:da:9b:e3:7d,192.168.10.50,50638,192.168.10.3,88,6,0.001298,16,8,8,1076,544,532,11556.240234,sSEfR,0.001298
00:19:b9:0a:69:f1,18:66:da:9b:e3:7d,192.168.10.50,23965,192.168.10.3,53,17,0.000181,4,2,2,494,186,308,16574.585938,CON,0.000181
00:23:ae:9b:8a:bf,00:c1:b1:14:eb:31,192.168.10.16,50526,72.21.91.29,80,6,0.023757,2,1,1,132,66,66,42.092857,sSE,0.023757
b8:ac:6f:36:04:e3,00:c1:b1:14:eb:31,192.168.10.12,55054,172.217.7.3,443,6,4.868569,9,6,3,763,519,244,1.643193,sSEfF,4.868569
b8:ac:6f:36:04:e3,00:c1:b1:14:eb:31,192.168.10.12,53980,209.85.201.155,443,6,4.753506,9,6,3,763,519,244,1.682968,sSEfF,4.753506
b8:ac:6f:36:04:e3,00:c1:b1:14:eb:31,192.168.10.12,36598,172.217.6.193,443,6,3.867860,9,6,3,763,519,244,2.068327,sSEfF,3.867860
b8:ac:6f:1d:1f:6c,00:c1:b1:14:eb:31,192.168.10.9,62849,173.241.242.143,80,6,0.035756,2,1,1,126,60,66,27.967335,sSE,0.035756
b8:ac:6f:1d:1f:6c,00:c1:b1:14:eb:31,192.168.10.9,63006,162.208.22.39,80,6,0.000000,1,1,0,60,60,0,0.000000,sSEf,0.000000
b8:ac:6f:36:0b:a8,00:c1:b1:14:eb:31,192.168.10.51,37254,172.217.10.132,443,6,0.036951,2,1,1,132,66,66,27.062866,sSE,0.036951
b8:ac:6f:36:0b:a8,00:c1:b1:14:eb:31,192.168.10.51,59264,172.217.10.130,443,6,0.036939,2,1,1,132,66,66,27.071659,sSE,0.036939
b8:ac:6f:36:0b:a8,00:c1:b1:14:eb:31,192.168.10.51,49688,152.163.56.2,443,6,0.028379,2,1,1,120,60,60,35.237324,sSE,0.028379
b8:ac:6f:36:0b:a8,00:c1:b1:14:eb:31,192.168.10.51,40785,172.217.7.14,443,6,0.037351,2,1,1,132,66,66,26.773045,sSE,0.037351
b8:ac:6f:1d:1f:6c,00:c1:b1:14:eb:31,192.168.10.9,62893,151.101.2.49,80,6,0.015216,2,1,1,126,60,66,65.720291,sSE,0.015216
b8:ac:6f:36:0b:a8,00:c1:b1:14:eb:31,192.168.10.51,33811,157.240.2.35,443,6,0.034637,3,2,1,280,173,107,57.741722,E,0.034637
b8:ac:6f:36:0b:a8,00:c1:b1:14:eb:31,192.168.10.51,52702,23.208.217.175,443,6,0.038633,2,1,1,132,66,66,25.884605,sSE,0.038633
b8:ac:6f:36:0b:a8,18:66:da:9b:e3:7d,192.168.10.51,,192.168.10.3,,2054,0.000005,4,2,2,240,120,120,600000.000000,CON,0.000005
00:23:ae:9b:8a:bf,00:c1:b1:14:eb:31,192.168.10.16,41890,23.194.181.179,443,6,0.023178,2,1,1,132,66,66,43.144360,sSE,0.023178
b8:ac:6f:1d:1f:6c,00:c1:b1:14:eb:31,192.168.10.9,62889,52.22.170.72,80,6,0.050754,2,1,1,126,60,66,19.702881,sSE,0.050754
b8:ac:6f:1d:1f:6c,00:c1:b1:14:eb:31,192.168.10.9,62818,173.241.242.143,80,6,0.036119,2,1,1,126,60,66,27.686260,sSE,0.036119
00:19:b9:0a:69:f1,00:c1:b1:14:eb:31,192.168.10.50,123,206.108.0.133,123,17,5.022875,6,3,3,540,270,270,0.995446,CON,5.022875
00:19:b9:0a:69:f1,18:66:da:9b:e3:7d,192.168.10.50,19031,192.168.10.3,53,17,0.031712,4,2,2,452,162,290,94.601418,CON,0.031712
00:19:b9:0a:69:f1,18:66:da:9b:e3:7d,192.168.10.50,59061,192.168.10.3,53,17,0.001840,4,2,2,434,162,272,1630.434692,CON,0.001840
18:66:da:9b:e3:7d,00:c1:b1:14:eb:31,192.168.10.3,61286,192.168.10.1,53,17,0.031255,2,1,1,248,92,156,31.994881,CON,0.031255
18:66:da:9b:e3:7d,00:c1:b1:14:eb:31,192.168.10.3,60200,192.168.10.1,53,17,0.001363,2,1,1,239,92,147,733.675720,CON,0.001363
00:19:b9:0a:69:f1,00:c1:b1:14:eb:31,192.168.10.50,123,154.16.245.246,123,17,4.966120,3,2,1,270,180,90,0.402729,CON,4.966120
b8:ac:6f:36:0b:a8,00:c1:b1:14:eb:31,192.168.10.51,47361,34.204.151.125,443,6,0.051023,5,3,2,361,198,163,78.396019,sSEfF,0.051023
b8:ac:6f:1d:1f:6c,00:c1:b1:14:eb:31,192.168.10.9,62890,139.162.146.37,80,6,0.111828,2,1,1,126,60,66,8.942305,sSE,0.111828
b8:ac:6f:36:07:ee,00:c1:b1:14:eb:31,192.168.10.14,51739,52.40.24.51,443,6,0.082626,2,1,1,120,60,60,12.102728,sSE,0.082626
b8:ac:6f:36:0b:a8,00:c1:b1:14:eb:31,192.168.10.51,37261,23.61.187.27,80,6,0.036849,2,1,1,132,66,66,27.137779,sSE,0.036849
b8:ac:6f:1d:1f:6c,00:c1:b1:14:eb:31,192.168.10.9,62914,199.244.50.41,80,6,0.000000,1,0,1,60,0,60,0.000000,sSEfF,0.000000
b8:ac:6f:1d:1f:6c,00:c1:b1:14:eb:31,192.168.10.9,62915,199.244.50.41,80,6,0.000000,1,0,1,60,0,60,0.000000,sSEfF,0.000000
b8:ac:6f:1d:1f:6c,00:c1:b1:14:eb:31,192.168.10.9,63018,199.244.50.41,80,6,0.000000,1,0,1,60,0,60,0.000000,sSEfF,0.000000
b8:ac:6f:1d:1f:6c,00:c1:b1:14:eb:31,192.168.10.9,63019,199.244.50.41,80,6,0.000000,1,0,1,60,0,60,0.000000,sSEfF,0.000000
b8:ac:6f:36:0b:a8,00:c1:b1:14:eb:31,192.168.10.51,48370,104.196.13.90,443,6,4.660920,7,3,4,493,198,295,1.287300,sSEfF,4.660920
b8:ac:6f:36:0b:a8,00:c1:b1:14:eb:31,192.168.10.51,35798,8.43.72.21,443,6,0.035299,2,1,1,120,60,60,28.329414,sSE,0.035299
70:6e:6d:1d:bb:11,01:00:0c:cc:cc:cc,01:00:0c:cc:cc:cc,170,70:6e:6d:1d:bb:11,170,0,4.000195,5,5,0,2290,2290,0,0.999951,REQ,4.000195
00:23:ae:9b:8a:bf,00:c1:b1:14:eb:31,192.168.10.16,43794,54.197.238.119,443,6,0.050551,2,1,1,132,66,66,19.782001,sSE,0.050551
00:23:ae:9b:8a:bf,00:c1:b1:14:eb:31,192.168.10.16,43812,54.197.238.119,443,6,0.050989,2,1,1,132,66,66,19.612074,sSE,0.050989
00:23:ae:9b:ad:b3,18:66:da:9b:e3:7d,192.168.10.19,32957,192.168.10.3,53,17,0.000007,2,0,2,138,0,138,142857.140625,RSP,0.000007
00:23:ae:9b:ad:b3,18:66:da:9b:e3:7d,192.168.10.19,60562,192.168.10.3,53,17,0.000002,2,0,2,138,0,138,500000.000000,RSP,0.000002
00:23:ae:9b:ad:b3,18:66:da:9b:e3:7d,192.168.10.19,21214,192.168.10.3,53,17,0.000002,2,0,2,138,0,138,500000.000000,RSP,0.000002
00:23:ae:9b:ad:b3,18:66:da:9b:e3:7d,192.168.10.19,4588,192.168.10.3,53,17,0.000001,2,0,2,138,0,138,1000000.000000,RSP,0.000001
b8:ac:6f:36:07:ee,00:c1:b1:14:eb:31,192.168.10.14,51742,52.84.145.148,443,6,0.022237,2,1,1,126,60,66,44.970097,sSE,0.022237
00:23:ae:9b:ad:b3,18:66:da:9b:e3:7d,192.168.10.19,23688,192.168.10.3,53,17,5.000700,4,4,0,276,276,0,0.599916,INT,5.000700
00:23:ae:9b:ad:b3,18:66:da:9b:e3:7d,192.168.10.19,24654,192.168.10.3,53,17,5.000700,4,4,0,276,276,0,0.599916,INT,5.000700
b8:ac:6f:1d:1f:6c,00:c1:b1:14:eb:31,192.168.10.9,62918,199.244.50.41,80,6,0.000000,1,0,1,60,0,60,0.000000,sSEfF,0.000000
00:23:ae:9b:ad:b3,00:c1:b1:14:eb:31,192.168.10.19,34681,104.31.0.161,80,6,0.014987,2,1,1,120,60,60,66.724495,sSE,0.014987
b8:ac:6f:1d:1f:6c,00:c1:b1:14:eb:31,192.168.10.9,63075,23.208.165.24,80,6,0.023261,2,1,1,126,60,66,42.990414,sSE,0.023261
b8:ac:6f:1d:1f:6c,00:c1:b1:14:eb:31,192.168.10.9,63073,104.97.73.166,80,6,0.023247,2,1,1,126,60,66,43.016304,sSE,0.023247
b8:ac:6f:1d:1f:6c,00:c1:b1:14:eb:31,192.168.10.9,63074,23.15.4.9,80,6,0.015187,2,1,1,126,60,66,65.845787,sSE,0.015187
b8:ac:6f:1d:1f:6c,00:c1:b1:14:eb:31,192.168.10.9,63069,198.199.94.97,80,6,0.097367,6,3,3,366,180,186,51.352100,sSEfF,0.097367
b8:ac:6f:36:0b:a8,00:c1:b1:14:eb:31,192.168.10.51,58565,52.44.168.204,443,6,0.055307,5,3,2,361,198,163,72.323578,sSEfF,0.055307
b8:ac:6f:36:0b:a8,00:c1:b1:14:eb:31,192.168.10.51,54774,52.84.143.97,80,6,0.021950,2,1,1,132,66,66,45.558086,sSE,0.021950
b8:ac:6f:1d:1f:6c,00:c1:b1:14:eb:31,192.168.10.9,63080,104.16.24.216,80,6,0.014937,2,1,1,126,60,66,66.947845,sSE,0.014937
b8:ac:6f:36:07:ee,00:c1:b1:14:eb:31,192.168.10.14,51740,52.84.145.109,443,6,0.022217,2,1,1,126,60,66,45.010578,sSE,0.022217
b8:ac:6f:1d:1f:6c,00:c1:b1:14:eb:31,192.168.10.9,62848,173.241.242.143,80,6,0.036289,2,1,1,126,60,66,27.556561,sSE,0.036289
b8:ac:6f:1d:1f:6c,00:c1:b1:14:eb:31,192.168.10.9,62772,184.169.142.67,80,6,0.086771,2,1,1,126,60,66,11.524589,sSE,0.086771
00:23:ae:9b:8a:bf,00:c1:b1:14:eb:31,192.168.10.16,52884,23.15.155.27,80,6,4.579005,5,2,3,330,132,198,0.873552,sSEfF,4.579005
b8:ac:6f:1d:1f:6c,00:c1:b1:14:eb:31,192.168.10.9,62901,72.21.91.29,80,6,0.023548,2,1,1,126,60,66,42.466454,sSE,0.023548
b8:ac:6f:1d:1f:6c,00:c1:b1:14:eb:31,192.168.10.9,62758,52.84.143.148,80,6,0.022245,2,1,1,126,60,66,44.953922,sSE,0.022245
b8:ac:6f:1d:1f:6c,00:c1:b1:14:eb:31,192.168.10.9,62757,52.84.143.148,80,6,0.022305,2,1,1,126,60,66,44.832996,sSE,0.022305
b8:ac:6f:36:0b:a8,00:c1:b1:14:eb:31,192.168.10.51,54766,172.217.11.8,443,6,0.036795,2,1,1,132,66,66,27.177605,sSE,0.036795
b8:ac:6f:1d:1f:6c,00:c1:b1:14:eb:31,192.168.10.9,62817,173.241.242.143,80,6,0.036154,2,1,1,126,60,66,27.659458,sSE,0.036154
b8:ac:6f:1d:1f:6c,00:c1:b1:14:eb:31,192.168.10.9,62748,54.235.185.192,80,6,0.051110,2,1,1,126,60,66,19.565643,sSE,0.051110
00:19:b9:0a:69:f1,33:33:00:00:00:fb,fe80::3e30:c3c4:d72f:ae4c,5353,ff02::fb,5353,17,0.000161,26,26,0,2782,2782,0,155279.500000,REQ,0.000161
70:6e:6d:1d:bb:09,01:00:0c:cc:cc:cc,01:00:0c:cc:cc:cc,170,70:6e:6d:1d:bb:09,170,0,0.000000,1,1,0,457,457,0,0.000000,INT,0.000000
b8:ac:6f:1d:1f:6c,00:c1:b1:14:eb:31,192.168.10.9,63048,54.193.106.88,443,6,0.088090,2,1,1,126,60,66,11.352026,sSE,0.088090
b8:ac:6f:1d:1f:6c,00:c1:b1:14:eb:31,192.168.10.9,63062,52.2.56.173,443,6,0.051003,2,1,1,126,60,66,19.606689,sSE,0.051003
b8:ac:6f:1d:1f:6c,00:c1:b1:14:eb:31,192.168.10.9,62906,151.101.128.207,443,6,0.015244,2,1,1,126,60,66,65.599579,sSE,0.015244
b8:ac:6f:1d:1f:6c,00:c1:b1:14:eb:31,192.168.10.9,63086,23.61.187.27,80,6,0.038852,2,1,1,126,60,66,25.738701,sSE,0.038852
b8:ac:6f:1d:1f:6c,00:c1:b1:14:eb:31,192.168.10.9,62785,52.206.85.2,80,6,0.049553,2,1,1,126,60,66,20.180412,sSE,0.049553
00:19:b9:0a:69:f1,00:c1:b1:14:eb:31,192.168.10.50,123,4.53.160.75,123,17,4.044625,6,3,3,540,270,270,1.236209,CON,4.044625
00:19:b9:0a:69:f1,00:c1:b1:14:eb:31,192.168.10.50,123,144.217.164.10,123,17,5.003403,7,4,3,630,360,270,1.199184,CON,5.003403
00:19:b9:0a:69:f1,18:66:da:9b:e3:7d,192.168.10.50,21292,192.168.10.3,53,17,0.077475,4,2,2,452,162,290,38.722172,CON,0.077475
00:19:b9:0a:69:f1,18:66:da:9b:e3:7d,192.168.10.50,53065,192.168.10.3,53,17,0.031121,4,2,2,548,162,386,96.397926,CON,0.031121
18:66:da:9b:e3:7d,00:c1:b1:14:eb:31,192.168.10.3,62344,192.168.10.1,53,17,0.077453,2,1,1,248,92,156,12.911056,CON,0.077453
18:66:da:9b:e3:7d,00:c1:b1:14:eb:31,192.168.10.3,61020,192.168.10.1,53,17,0.031107,2,1,1,296,92,204,32.147106,CON,0.031107
00:19:b9:0a:69:f1,00:c1:b1:14:eb:31,192.168.10.50,123,129.128.12.20,123,17,4.012797,4,2,2,360,180,180,0.747608,CON,4.012797
b8:ac:6f:1d:1f:6c,00:c1:b1:14:eb:31,192.168.10.9,62706,151.101.20.175,80,6,0.023327,2,1,1,126,60,66,42.868778,sSE,0.023327
b8:ac:6f:1d:1f:6c,00:c1:b1:14:eb:31,192.168.10.9,63092,23.61.187.27,80,6,0.037078,2,1,1,126,60,66,26.970171,sSE,0.037078
b8:ac:6f:1d:1f:6c,00:c1:b1:14:eb:31,192.168.10.9,63088,23.61.187.27,80,6,0.037349,2,1,1,126,60,66,26.774479,sSE,0.037349
b8:ac:6f:1d:1f:6c,00:c1:b1:14:eb:31,192.168.10.9,62668,104.17.239.25,443,6,0.015227,2,1,1,126,60,66,65.672813,sSE,0.015227
b8:ac:6f:1d:1f:6c,00:c1:b1:14:eb:31,192.168.10.9,63089,23.61.187.27,80,6,0.037053,2,1,1,126,60,66,26.988367,sSE,0.037053
b8:ac:6f:36:0b:a8,00:c1:b1:14:eb:31,192.168.10.51,50822,151.101.2.2,443,6,0.015025,2,1,1,132,66,66,66.555740,sSE,0.015025
b8:ac:6f:1d:1f:6c,00:c1:b1:14:eb:31,192.168.10.9,62673,54.192.36.45,80,6,0.029580,2,1,1,126,60,66,33.806625,sSE,0.029580
b8:ac:6f:1d:1f:6c,00:c1:b1:14:eb:31,192.168.10.9,62679,104.17.52.121,80,6,0.015383,2,1,1,126,60,66,65.006828,sSE,0.015383
b8:ac:6f:1d:1f:6c,00:c1:b1:14:eb:31,192.168.10.9,62684,104.17.52.121,80,6,0.015382,2,1,1,126,60,66,65.011047,sSE,0.015382
b8:ac:6f:36:0b:a8,00:c1:b1:14:eb:31,192.168.10.51,51509,107.21.127.106,443,6,0.201611,7,4,3,493,264,229,29.760281,sSEfF,0.201611
b8:ac:6f:36:0b:a8,00:c1:b1:14:eb:31,192.168.10.51,51510,107.21.127.106,443,6,0.200060,7,4,3,493,264,229,29.991003,sSEfF,0.200060
b8:ac:6f:1d:1f:6c,00:c1:b1:14:eb:31,192.168.10.9,62677,104.17.52.121,80,6,0.014977,2,1,1,126,60,66,66.769051,sSE,0.014977
b8:ac:6f:1d:1f:6c,00:c1:b1:14:eb:31,192.168.10.9,62909,50.31.164.173,443,6,0.034913,2,1,1,120,60,60,28.642626,sSE,0.034913
00:23:ae:9b:8a:bf,00:c1:b1:14:eb:31,192.168.10.16,50528,72.21.91.29,80,6,0.023072,2,1,1,132,66,66,43.342579,sSE,0.023072
b8:ac:6f:1d:1f:6c,00:c1:b1:14:eb:31,192.168.10.9,62917,72.21.91.113,80,6,0.023758,2,1,1,126,60,66,42.091087,sSE,0.023758
b8:ac:6f:1d:1f:6c,00:c1:b1:14:eb:31,192.168.10.9,63094,52.5.125.80,443,6,0.050166,2,1,1,126,60,66,19.933821,sSE,0.050166
b8:ac:6f:1d:1f:6c,00:c1:b1:14:eb:31,192.168.10.9,63093,173.222.140.253,443,6,0.022796,2,1,1,126,60,66,43.867348,sSE,0.022796
b8:ac:6f:1d:1f:6c,00:c1:b1:14:eb:31,192.168.10.9,62689,104.17.52.121,80,6,0.015002,2,1,1,126,60,66,66.657776,sSE,0.015002
b8:ac:6f:1d:1f:6c,00:c1:b1:14:eb:31,192.168.10.9,62687,104.17.52.121,80,6,0.015003,2,1,1,126,60,66,66.653336,sSE,0.015003
b8:ac:6f:1d:1f:6c,00:c1:b1:14:eb:31,192.168.10.9,63111,198.51.152.183,80,6,0.023571,4,2,2,240,120,120,127.275047,sSEfF,0.023571
70:6e:6d:1d:bb:0f,01:00:0c:cc:cc:cc,01:00:0c:cc:cc:cc,170,70:6e:6d:1d:bb:0f,170,0,0.000000,1,1,0,458,458,0,0.000000,INT,0.000000
b8:ac:6f:36:04:e3,00:c1:b1:14:eb:31,192.168.10.12,59106,172.217.10.66,443,6,3.965449,36,17,19,10536,2844,7692,8.826239,sSE,3.965449
b8:ac:6f:36:04:e3,00:c1:b1:14:eb:31,192.168.10.12,42390,172.217.11.35,443,6,3.869080,9,6,3,763,519,244,2.067675,sSEfF,3.869080
b8:ac:6f:36:04:e3,00:c1:b1:14:eb:31,192.168.10.12,44398,31.13.80.12,443,6,3.854873,13,8,5,1080,633,447,3.112943,EfR,3.854873
00:23:ae:9b:ad:b3,00:c1:b1:14:eb:31,192.168.10.19,123,206.108.0.133,123,17,0.022021,2,1,1,180,90,90,45.411201,CON,0.022021
b8:ac:6f:1d:1f:6c,00:c1:b1:14:eb:31,192.168.10.9,62671,104.17.239.25,80,6,0.014991,2,1,1,126,60,66,66.706688,sSE,0.014991
b8:ac:6f:1d:1f:6c,00:c1:b1:14:eb:31,192.168.10.9,62912,23.61.187.27,80,6,0.036933,2,1,1,126,60,66,27.076056,sSE,0.036933
b8:ac:6f:1d:1f:6c,00:c1:b1:14:eb:31,192.168.10.9,62669,104.17.239.25,80,6,0.015069,2,1,1,126,60,66,66.361404,sSE,0.015069
b8:ac:6f:36:04:e3,18:66:da:9b:e3:7d,192.168.10.12,17750,192.168.10.3,53,17,0.477168,4,2,2,594,152,442,6.287094,CON,0.477168
b8:ac:6f:36:04:e3,18:66:da:9b:e3:7d,192.168.10.12,52359,192.168.10.3,53,17,0.376465,4,2,2,648,152,496,7.968868,CON,0.376465
b8:ac:6f:36:04:e3,18:66:da:9b:e3:7d,192.168.10.12,37804,192.168.10.3,53,17,0.000322,4,2,2,376,156,220,9316.769531,CON,0.000322
18:66:da:9b:e3:7d,00:c1:b1:14:eb:31,192.168.10.3,61504,192.168.10.1,53,17,0.476854,2,1,1,319,87,232,2.097078,CON,0.476854
18:66:da:9b:e3:7d,00:c1:b1:14:eb:31,192.168.10.3,60089,192.168.10.1,53,17,0.376097,2,1,1,346,87,259,2.658889,CON,0.376097
b8:ac:6f:36:04:e3,18:66:da:9b:e3:7d,192.168.10.12,15977,192.168.10.3,53,17,0.000241,4,2,2,424,156,268,12448.132812,CON,0.000241
b8:ac:6f:36:04:e3,18:66:da:9b:e3:7d,192.168.10.12,34865,192.168.10.3,53,17,0.000239,4,2,2,456,168,288,12552.300781,CON,0.000239
b8:ac:6f:36:04:e3,18:66:da:9b:e3:7d,192.168.10.12,34650,192.168.10.3,53,17,0.000499,4,2,2,480,168,312,6012.023926,CON,0.000499
b8:ac:6f:36:04:e3,18:66:da:9b:e3:7d,192.168.10.12,43575,192.168.10.3,53,17,0.129051,4,2,2,416,154,262,23.246624,CON,0.129051
b8:ac:6f:36:04:e3,18:66:da:9b:e3:7d,192.168.10.12,10972,192.168.10.3,53,17,0.184246,4,2,2,384,154,230,16.282578,CON,0.184246
18:66:da:9b:e3:7d,00:c1:b1:14:eb:31,192.168.10.3,60762,192.168.10.1,53,17,0.128873,2,1,1,230,88,142,7.759577,CON,0.128873
b8:ac:6f:36:04:e3,18:66:da:9b:e3:7d,192.168.10.12,14254,192.168.10.3,53,17,0.061192,4,2,2,412,150,262,49.026016,CON,0.061192
18:66:da:9b:e3:7d,00:c1:b1:14:eb:31,192.168.10.3,61041,192.168.10.1,53,17,0.182887,2,1,1,277,88,189,5.467857,CON,0.182887
b8:ac:6f:36:04:e3,18:66:da:9b:e3:7d,192.168.10.12,14675,192.168.10.3,53,17,0.062246,4,2,2,380,150,230,48.195869,CON,0.062246
18:66:da:9b:e3:7d,00:c1:b1:14:eb:31,192.168.10.3,60963,192.168.10.1,53,17,0.060796,2,1,1,210,97,113,16.448450,CON,0.060796
18:66:da:9b:e3:7d,00:c1:b1:14:eb:31,192.168.10.3,62363,192.168.10.1,53,17,0.061738,2,1,1,260,97,163,16.197479,CON,0.061738
b8:ac:6f:36:04:e3,18:66:da:9b:e3:7d,192.168.10.12,34079,192.168.10.3,53,17,0.127348,4,2,2,416,154,262,23.557495,CON,0.127348
b8:ac:6f:1d:1f:6c,00:c1:b1:14:eb:31,192.168.10.9,62858,35.167.226.133,80,6,0.083913,2,1,1,126,60,66,11.917105,sSE,0.083913
b8:ac:6f:1d:1f:6c,00:c1:b1:14:eb:31,192.168.10.9,62911,23.61.187.27,80,6,0.038947,2,1,1,126,60,66,25.675919,sSE,0.038947
b8:ac:6f:1d:1f:6c,00:c1:b1:14:eb:31,192.168.10.9,63098,104.97.73.166,443,6,0.023416,2,1,1,126,60,66,42.705845,sSE,0.023416
b8:ac:6f:36:0b:a8,00:c1:b1:14:eb:31,192.168.10.51,43502,184.73.240.254,443,6,0.216282,7,4,3,493,264,229,27.741560,sSEfF,0.216282
b8:ac:6f:1d:1f:6c,00:c1:b1:14:eb:31,192.168.10.9,62675,104.17.239.25,80,6,0.015299,2,1,1,126,60,66,65.363747,sSE,0.015299
b8:ac:6f:1d:1f:6c,00:c1:b1:14:eb:31,192.168.10.9,62694,104.17.54.121,80,6,0.015278,2,1,1,126,60,66,65.453590,sSE,0.015278
b8:ac:6f:1d:1f:6c,00:c1:b1:14:eb:31,192.168.10.9,62670,104.17.239.25,80,6,0.015257,2,1,1,126,60,66,65.543686,sSE,0.015257
b8:ac:6f:1d:1f:6c,00:c1:b1:14:eb:31,192.168.10.9,62676,104.17.239.25,80,6,0.015252,2,1,1,126,60,66,65.565170,sSE,0.015252
b8:ac:6f:1d:1f:6c,00:c1:b1:14:eb:31,192.168.10.9,62929,151.101.208.166,80,6,0.023503,2,1,1,126,60,66,42.547760,sSE,0.023503
b8:ac:6f:36:0b:a8,00:c1:b1:14:eb:31,192.168.10.51,44824,50.19.125.134,443,6,0.054597,5,3,2,361,198,163,73.264099,sSEfF,0.054597
b8:ac:6f:1d:1f:6c,00:c1:b1:14:eb:31,192.168.10.9,62931,104.28.17.9,80,6,0.015076,2,1,1,126,60,66,66.330589,sSE,0.015076
b8:ac:6f:36:0b:a8,00:c1:b1:14:eb:31,192.168.10.51,41505,144.2.1.1,443,6,0.248959,2,1,1,173,107,66,4.016726,sSE,0.248959
b8:ac:6f:1d:1f:6c,00:c1:b1:14:eb:31,192.168.10.9,63063,54.228.237.62,443,6,0.102707,2,1,1,126,60,66,9.736435,sSE,0.102707
b8:ac:6f:36:0b:a8,00:c1:b1:14:eb:31,192.168.10.51,54757,52.84.136.77,443,6,0.022291,2,1,1,132,66,66,44.861156,sSE,0.022291
b8:ac:6f:36:04:e3,00:c1:b1:14:eb:31,192.168.10.12,34972,92.45.106.102,80,6,4.740862,528,252,276,419650,19419,400231,111.161224,sSE,4.740862
b8:ac:6f:36:0b:a8,00:c1:b1:14:eb:31,192.168.10.51,44956,151.101.0.65,443,6,0.015137,2,1,1,132,66,66,66.063286,sSE,0.015137
b8:ac:6f:1d:1f:6c,00:c1:b1:14:eb:31,192.168.10.9,62695,104.17.54.121,80,6,0.014997,2,1,1,126,60,66,66.680000,sSE,0.014997
b8:ac:6f:1d:1f:6c,00:c1:b1:14:eb:31,192.168.10.9,62884,23.61.187.27,80,6,0.038974,2,1,1,126,60,66,25.658133,sSE,0.038974
18:66:da:9b:e3:7d,00:c1:b1:14:eb:31,192.168.10.3,62315,192.168.10.1,53,17,0.000563,2,1,1,256,95,161,1776.198975,CON,0.000563
b8:ac:6f:1d:1f:6c,00:c1:b1:14:eb:31,192.168.10.9,62923,52.84.145.67,443,6,0.022106,2,1,1,126,60,66,45.236588,sSE,0.022106
b8:ac:6f:1d:1f:6c,00:c1:b1:14:eb:31,192.168.10.9,62935,23.194.140.15,443,6,0.023031,2,1,1,126,60,66,43.419739,sSE,0.023031
00:19:b9:0a:69:f1,00:c1:b1:14:eb:31,192.168.10.50,123,24.86.68.24,123,17,0.999863,3,2,1,270,180,90,2.000274,CON,0.999863
00:19:b9:0a:69:f1,00:c1:b1:14:eb:31,192.168.10.50,123,69.167.160.102,123,17,4.048163,4,2,2,360,180,180,0.741077,CON,4.048163
00:19:b9:0a:69:f1,00:c1:b1:14:eb:31,192.168.10.50,123,144.217.240.204,123,17,4.021819,6,3,3,540,270,270,1.243219,CON,4.021819
00:19:b9:0a:69:f1,18:66:da:9b:e3:7d,192.168.10.50,56637,192.168.10.3,53,17,0.090889,4,2,2,452,162,290,33.007294,CON,0.090889
00:19:b9:0a:69:f1,18:66:da:9b:e3:7d,192.168.10.50,33325,192.168.10.3,53,17,0.001500,4,2,2,434,162,272,2000.000000,CON,0.001500
18:66:da:9b:e3:7d,00:c1:b1:14:eb:31,192.168.10.3,62183,192.168.10.1,53,17,0.090330,2,1,1,248,92,156,11.070519,CON,0.090330
18:66:da:9b:e3:7d,00:c1:b1:14:eb:31,192.168.10.3,61993,192.168.10.1,53,17,0.000836,2,1,1,239,92,147,1196.172241,CON,0.000836
b8:ac:6f:1d:1f:6c,00:c1:b1:14:eb:31,192.168.10.9,62699,172.217.9.226,80,6,0.036725,2,1,1,126,60,66,27.229408,sSE,0.036725
b8:ac:6f:1d:1f:6c,00:c1:b1:14:eb:31,192.168.10.9,62705,54.192.38.6,80,6,0.030987,2,1,1,126,60,66,32.271599,sSE,0.030987
b8:ac:6f:1d:1f:6c,00:c1:b1:14:eb:31,192.168.10.9,62700,54.192.36.71,80,6,0.030987,2,1,1,126,60,66,32.271599,sSE,0.030987
b8:ac:6f:1d:1f:6c,00:c1:b1:14:eb:31,192.168.10.9,62703,104.88.108.223,80,6,0.024472,2,1,1,126,60,66,40.863026,sSE,0.024472
b8:ac:6f:1d:1f:6c,00:c1:b1:14:eb:31,192.168.10.9,62698,172.217.11.8,80,6,0.036297,2,1,1,126,60,66,27.550486,sSE,0.036297
b8:ac:6f:1d:1f:6c,00:c1:b1:14:eb:31,192.168.10.9,63117,34.202.69.17,80,6,0.051868,4,2,2,240,120,120,57.839130,sSEfF,0.051868
00:19:b9:0a:69:f1,00:c1:b1:14:eb:31,192.168.10.50,123,199.182.221.110,123,17,3.980891,4,2,2,360,180,180,0.753600,CON,3.980891
b8:ac:6f:36:0b:a8,00:c1:b1:14:eb:31,192.168.10.51,43215,104.88.109.24,443,6,0.022948,2,1,1,132,66,66,43.576782,sSE,0.022948
b8:ac:6f:1d:1f:6c,00:c1:b1:14:eb:31,192.168.10.9,62942,34.230.154.9,443,6,0.050217,2,1,1,120,60,60,19.913576,sSE,0.050217
b8:ac:6f:36:08:f5,00:c1:b1:14:eb:31,192.168.10.8,49397,172.217.12.136,443,6,0.233673,3,2,1,260,160,100,8.558969,sSE,0.233673
b8:ac:6f:36:04:e3,00:c1:b1:14:eb:31,192.168.10.12,34974,92.45.106.102,80,6,0.445483,10,6,4,2952,1768,1184,20.202791,sSE,0.445483
b8:ac:6f:36:04:e3,18:66:da:9b:e3:7d,192.168.10.12,20248,192.168.10.3,53,17,0.000285,4,2,2,416,154,262,10526.316406,CON,0.000285
b8:ac:6f:36:04:e3,18:66:da:9b:e3:7d,192.168.10.12,40406,192.168.10.3,53,17,0.000680,4,2,2,510,154,356,4411.764648,CON,0.000680
b8:ac:6f:36:04:e3,18:66:da:9b:e3:7d,192.168.10.12,16171,192.168.10.3,53,17,0.000036,4,2,2,412,150,262,83333.328125,CON,0.000036
b8:ac:6f:36:04:e3,18:66:da:9b:e3:7d,192.168.10.12,53582,192.168.10.3,53,17,0.000031,4,2,2,512,150,362,96774.195312,CON,0.000031
b8:ac:6f:36:04:e3,00:c1:b1:14:eb:31,192.168.10.12,53416,85.111.71.114,80,6,3.340311,29,19,10,7522,5023,2499,8.382453,sSE,3.340311
b8:ac:6f:36:04:e3,00:c1:b1:14:eb:31,192.168.10.12,53418,85.111.71.114,80,6,3.337274,27,18,9,6619,4384,2235,7.790790,sSE,3.337274
b8:ac:6f:36:04:e3,18:66:da:9b:e3:7d,192.168.10.12,21668,192.168.10.3,53,17,0.000207,4,2,2,416,154,262,14492.752930,CON,0.000207
b8:ac:6f:36:04:e3,18:66:da:9b:e3:7d,192.168.10.12,20472,192.168.10.3,53,17,0.000280,4,2,2,510,154,356,10714.285156,CON,0.000280
b8:ac:6f:36:04:e3,00:c1:b1:14:eb:31,192.168.10.12,34980,92.45.106.102,80,6,0.300051,6,4,2,1328,985,343,16.663834,sSE,0.300051
b8:ac:6f:36:04:e3,18:66:da:9b:e3:7d,192.168.10.12,4360,192.168.10.3,53,17,0.000210,4,2,2,424,160,264,14285.714844,CON,0.000210
b8:ac:6f:36:04:e3,18:66:da:9b:e3:7d,192.168.10.12,47706,192.168.10.3,53,17,0.000259,4,2,2,448,160,288,11583.011719,CON,0.000259
b8:ac:6f:36:04:e3,18:66:da:9b:e3:7d,192.168.10.12,63791,192.168.10.3,53,17,0.000185,4,2,2,424,160,264,16216.216797,CON,0.000185
b8:ac:6f:36:04:e3,18:66:da:9b:e3:7d,192.168.10.12,37118,192.168.10.3,53,17,0.031692,4,2,2,926,152,774,94.661118,CON,0.031692
b8:ac:6f:36:04:e3,18:66:da:9b:e3:7d,192.168.10.12,26695,192.168.10.3,53,17,0.061930,4,2,2,350,152,198,48.441788,CON,0.061930
18:66:da:9b:e3:7d,00:c1:b1:14:eb:31,192.168.10.3,60341,192.168.10.1,53,17,0.030958,2,1,1,485,87,398,32.301826,CON,0.030958
b8:ac:6f:36:04:e3,00:c1:b1:14:eb:31,192.168.10.12,49390,172.217.12.202,80,6,0.090484,8,5,3,942,716,226,77.361740,sSE,0.090484
18:66:da:9b:e3:7d,00:c1:b1:14:eb:31,192.168.10.3,62425,192.168.10.1,53,17,0.060812,2,1,1,281,87,194,16.444122,CON,0.060812
b8:ac:6f:36:04:e3,18:66:da:9b:e3:7d,192.168.10.12,46003,192.168.10.3,53,17,0.031263,4,2,2,926,152,774,95.960075,CON,0.031263
b8:ac:6f:36:04:e3,18:66:da:9b:e3:7d,192.168.10.12,11348,192.168.10.3,53,17,0.000228,4,2,2,412,150,262,13157.894531,CON,0.000228
b8:ac:6f:36:04:e3,18:66:da:9b:e3:7d,192.168.10.12,3152,192.168.10.3,53,17,0.000255,4,2,2,512,150,362,11764.706055,CON,0.000255
b8:ac:6f:36:04:e3,18:66:da:9b:e3:7d,192.168.10.12,64570,192.168.10.3,53,17,0.000182,4,2,2,412,150,262,16483.515625,CON,0.000182
b8:ac:6f:36:04:e3,18:66:da:9b:e3:7d,192.168.10.12,54313,192.168.10.3,53,17,0.000234,4,2,2,416,154,262,12820.512695,CON,0.000234
b8:ac:6f:36:04:e3,18:66:da:9b:e3:7d,192.168.10.12,5143,192.168.10.3,53,17,0.000225,4,2,2,510,154,356,13333.333984,CON,0.000225
b8:ac:6f:36:04:e3,00:c1:b1:14:eb:31,192.168.10.12,53424,85.111.71.114,80,6,3.341812,24,16,8,5864,3890,1974,6.882494,sSE,3.341812
b8:ac:6f:36:04:e3,18:66:da:9b:e3:7d,192.168.10.12,58004,192.168.10.3,53,17,0.000175,4,2,2,416,154,262,17142.857422,CON,0.000175
b8:ac:6f:36:04:e3,00:c1:b1:14:eb:31,192.168.10.12,34986,92.45.106.102,80,6,0.446254,14,8,6,4309,1813,2496,29.131393,sSE,0.446254
b8:ac:6f:36:04:e3,18:66:da:9b:e3:7d,192.168.10.12,46573,192.168.10.3,53,17,0.000173,4,2,2,416,154,262,17341.041016,CON,0.000173
b8:ac:6f:36:04:e3,00:c1:b1:14:eb:31,192.168.10.12,34988,92.45.106.102,80,6,0.689021,13,8,5,4757,1859,2898,17.416016,sSE,0.689021
b8:ac:6f:36:04:e3,00:c1:b1:14:eb:31,192.168.10.12,34990,92.45.106.102,80,6,0.307941,10,6,4,3511,1009,2502,29.226379,sSE,0.307941
b8:ac:6f:36:04:e3,00:c1:b1:14:eb:31,192.168.10.12,51334,129.146.13.96,80,6,0.182682,8,5,3,1125,699,426,38.317951,sSE,0.182682
b8:ac:6f:36:04:e3,18:66:da:9b:e3:7d,192.168.10.12,35558,192.168.10.3,53,17,0.000287,4,2,2,926,152,774,10452.961914,CON,0.000287
b8:ac:6f:36:04:e3,00:c1:b1:14:eb:31,192.168.10.12,53434,85.111.71.114,80,6,3.305372,24,16,8,5870,3879,1991,6.958370,sSE,3.305372
b8:ac:6f:36:04:e3,00:c1:b1:14:eb:31,192.168.10.12,53436,85.111.71.114,80,6,3.326079,24,16,8,5910,3954,1956,6.915050,sSE,3.326079
b8:ac:6f:36:04:e3,00:c1:b1:14:eb:31,192.168.10.12,51340,129.146.13.96,80,6,0.087598,3,2,1,214,140,74,22.831570,sSE,0.087598
b8:ac:6f:1d:1f:6c,00:c1:b1:14:eb:31,192.168.10.9,62940,34.230.154.9,443,6,0.050430,2,1,1,120,60,60,19.829466,sSE,0.050430
b8:ac:6f:36:0b:a8,00:c1:b1:14:eb:31,192.168.10.51,40901,172.217.12.174,443,6,0.036768,2,1,1,132,66,66,27.197563,sSE,0.036768
18:66:da:9b:e3:7d,00:c1:b1:14:eb:31,192.168.10.3,61517,192.168.10.1,53,17,0.000494,2,1,1,266,91,175,2024.291626,CON,0.000494
b8:ac:6f:1d:1f:6c,00:c1:b1:14:eb:31,192.168.10.9,63116,72.5.205.44,443,6,0.033343,6,3,3,410,205,205,149.956512,sSEfFR,0.033343
b8:ac:6f:1d:1f:6c,00:c1:b1:14:eb:31,192.168.10.9,63121,34.202.69.17,80,6,0.050672,3,2,1,180,120,60,39.469532,sSEf,0.050672
b8:ac:6f:1d:1f:6c,00:c1:b1:14:eb:31,192.168.10.9,63114,198.51.152.183,80,6,0.023625,3,2,1,180,120,60,84.656090,sSEf,0.023625
b8:ac:6f:1d:1f:6c,00:c1:b1:14:eb:31,192.168.10.9,63108,129.146.14.101,80,6,0.087338,2,1,1,126,60,66,11.449770,sSE,0.087338
18:66:da:9b:e3:7d,00:23:ae:9b:95:67,192.168.10.3,,192.168.10.17,,2054,0.000008,4,2,2,240,120,120,375000.000000,CON,0.000008
b8:ac:6f:1d:1f:6c,00:c1:b1:14:eb:31,192.168.10.9,63110,172.217.10.142,80,6,0.036675,2,1,1,126,60,66,27.266531,sSE,0.036675
00:19:b9:0a:69:f1,33:33:00:00:00:02,fe80::3e30:c3c4:d72f:ae4c,133,ff02::2,,58,0.000100,26,26,0,1612,1612,0,250000.000000,NRS,0.000100
b8:ac:6f:36:04:e3,18:66:da:9b:e3:7d,192.168.10.12,46671,192.168.10.3,53,17,0.000204,4,2,2,412,150,262,14705.882812,CON,0.000204
b8:ac:6f:36:04:e3,18:66:da:9b:e3:7d,192.168.10.12,62854,192.168.10.3,53,17,0.000354,4,2,2,512,150,362,8474.576172,CON,0.000354
b8:ac:6f:36:04:e3,18:66:da:9b:e3:7d,192.168.10.12,7617,192.168.10.3,53,17,0.000174,4,2,2,412,150,262,17241.378906,CON,0.000174
b8:ac:6f:36:04:e3,00:c1:b1:14:eb:31,192.168.10.12,53440,85.111.71.114,80,6,3.738373,27,18,9,6683,4466,2217,6.954897,sSE,3.738373
b8:ac:6f:36:04:e3,18:66:da:9b:e3:7d,192.168.10.12,31348,192.168.10.3,53,17,0.000280,4,2,2,412,150,262,10714.285156,CON,0.000280
b8:ac:6f:36:04:e3,18:66:da:9b:e3:7d,192.168.10.12,58726,192.168.10.3,53,17,0.000280,4,2,2,512,150,362,10714.285156,CON,0.000280
b8:ac:6f:36:04:e3,18:66:da:9b:e3:7d,192.168.10.12,34887,192.168.10.3,53,17,0.000199,4,2,2,416,154,262,15075.376953,CON,0.000199
b8:ac:6f:36:04:e3,18:66:da:9b:e3:7d,192.168.10.12,12775,192.168.10.3,53,17,0.000241,4,2,2,510,154,356,12448.132812,CON,0.000241
b8:ac:6f:36:04:e3,18:66:da:9b:e3:7d,192.168.10.12,28101,192.168.10.3,53,17,0.000194,4,2,2,416,154,262,15463.917969,CON,0.000194
b8:ac:6f:36:04:e3,18:66:da:9b:e3:7d,192.168.10.12,62391,192.168.10.3,53,17,0.000241,4,2,2,510,154,356,12448.132812,CON,0.000241
b8:ac:6f:1d:1f:6c,00:c1:b1:14:eb:31,192.168.10.9,63065,52.2.56.173,80,6,4.967605,13,7,6,4163,1277,2886,2.415651,sSE,4.967605
00:19:b9:0a:69:f1,ff:ff:ff:ff:ff:ff,192.168.10.50,137,192.168.10.255,137,17,4.070340,546,546,0,59592,59592,0,133.895447,INT,4.070340
00:19:b9:0a:69:f1,ff:ff:ff:ff:ff:ff,192.168.10.50,138,192.168.10.255,138,17,0.000109,26,26,0,7254,7254,0,229357.796875,INT,0.000109
b8:ac:6f:36:04:e3,00:19:b9:0a:69:f1,192.168.10.12,137,192.168.10.50,137,17,0.000004,2,2,0,208,208,0,250000.000000,INT,0.000004
b8:ac:6f:36:04:e3,18:66:da:9b:e3:7d,192.168.10.12,47744,192.168.10.3,53,17,0.061739,4,2,2,480,160,320,48.591652,CON,0.061739
b8:ac:6f:36:04:e3,18:66:da:9b:e3:7d,192.168.10.12,50876,192.168.10.3,53,17,0.031290,4,2,2,600,160,440,95.877281,CON,0.031290
18:66:da:9b:e3:7d,00:c1:b1:14:eb:31,192.168.10.3,62255,192.168.10.1,53,17,0.061241,2,1,1,262,91,171,16.328930,CON,0.061241
b8:ac:6f:36:04:e3,18:66:da:9b:e3:7d,192.168.10.12,53702,192.168.10.3,53,17,0.061340,4,2,2,480,160,320,48.907726,CON,0.061340
18:66:da:9b:e3:7d,00:c1:b1:14:eb:31,192.168.10.3,62126,192.168.10.1,53,17,0.030894,2,1,1,322,91,231,32.368744,CON,0.030894
b8:ac:6f:36:04:e3,18:66:da:9b:e3:7d,192.168.10.12,42931,192.168.10.3,53,17,0.000227,4,2,2,432,152,280,13215.859375,CON,0.000227
b8:ac:6f:36:04:e3,18:66:da:9b:e3:7d,192.168.10.12,51325,192.168.10.3,53,17,0.000288,4,2,2,394,152,242,10416.666016,CON,0.000288
b8:ac:6f:36:04:e3,18:66:da:9b:e3:7d,192.168.10.12,41213,192.168.10.3,53,17,0.000230,4,2,2,432,152,280,13043.477539,CON,0.000230
b8:ac:6f:36:04:e3,18:66:da:9b:e3:7d,192.168.10.12,6962,192.168.10.3,53,17,0.023980,4,2,2,440,156,284,125.104256,CON,0.023980
b8:ac:6f:36:04:e3,18:66:da:9b:e3:7d,192.168.10.12,4491,192.168.10.3,53,17,0.000175,4,2,2,402,156,246,17142.857422,CON,0.000175
18:66:da:9b:e3:7d,00:c1:b1:14:eb:31,192.168.10.3,61341,192.168.10.1,53,17,0.023413,2,1,1,242,89,153,42.711311,CON,0.023413
b8:ac:6f:36:04:e3,00:c1:b1:14:eb:31,192.168.10.12,39964,37.187.168.211,80,6,0.216685,6,4,2,1162,735,427,23.074970,sSE,0.216685
b8:ac:6f:36:04:e3,18:66:da:9b:e3:7d,192.168.10.12,11143,192.168.10.3,53,17,0.023279,4,2,2,440,156,284,128.871521,CON,0.023279
b8:ac:6f:36:04:e3,00:c1:b1:14:eb:31,192.168.10.12,39966,37.187.168.211,80,6,0.216603,6,4,2,1164,737,427,23.083706,sSE,0.216603
b8:ac:6f:36:04:e3,18:66:da:9b:e3:7d,192.168.10.12,12702,192.168.10.3,53,17,0.000104,4,2,2,560,166,394,28846.154297,CON,0.000104
b8:ac:6f:36:04:e3,18:66:da:9b:e3:7d,192.168.10.12,45206,192.168.10.3,53,17,0.000209,4,2,2,560,166,394,14354.066406,CON,0.000209
b8:ac:6f:36:04:e3,18:66:da:9b:e3:7d,192.168.10.12,20472,192.168.10.3,53,17,0.000258,4,2,2,616,166,450,11627.907227,CON,0.000258
b8:ac:6f:36:04:e3,00:c1:b1:14:eb:31,192.168.10.12,57772,104.80.89.49,80,6,0.310908,10,6,4,3059,1355,1704,28.947472,sSE,0.310908
b8:ac:6f:36:04:e3,18:66:da:9b:e3:7d,192.168.10.12,38406,192.168.10.3,53,17,0.000248,4,2,2,456,168,288,12096.774414,CON,0.000248
b8:ac:6f:36:04:e3,18:66:da:9b:e3:7d,192.168.10.12,17146,192.168.10.3,53,17,0.000230,4,2,2,456,168,288,13043.477539,CON,0.000230
b8:ac:6f:36:04:e3,18:66:da:9b:e3:7d,192.168.10.12,5536,192.168.10.3,53,17,0.000215,4,2,2,480,168,312,13953.489258,CON,0.000215
b8:ac:6f:36:04:e3,00:c1:b1:14:eb:31,192.168.10.12,42634,172.217.6.200,443,6,0.247693,46,19,27,29730,2024,27706,181.676514,sSE,0.247693
b8:ac:6f:36:04:e3,18:66:da:9b:e3:7d,192.168.10.12,3835,192.168.10.3,53,17,0.000226,4,2,2,416,154,262,13274.335938,CON,0.000226
b8:ac:6f:36:04:e3,18:66:da:9b:e3:7d,192.168.10.12,31712,192.168.10.3,53,17,0.000207,4,2,2,510,154,356,14492.752930,CON,0.000207
b8:ac:6f:36:04:e3,18:66:da:9b:e3:7d,192.168.10.12,5578,192.168.10.3,53,17,0.000266,4,2,2,412,150,262,11278.196289,CON,0.000266
b8:ac:6f:36:04:e3,00:c1:b1:14:eb:31,192.168.10.12,53450,85.111.71.114,80,6,0.293626,8,5,3,1529,657,872,23.839849,sSE,0.293626
b8:ac:6f:36:04:e3,00:c1:b1:14:eb:31,192.168.10.12,48240,104.19.194.102,80,6,0.033942,8,5,3,843,657,186,206.234177,sSE,0.033942
b8:ac:6f:36:04:e3,18:66:da:9b:e3:7d,192.168.10.12,45862,192.168.10.3,53,17,0.000230,4,2,2,512,150,362,13043.477539,CON,0.000230
b8:ac:6f:1d:1f:6c,00:c1:b1:14:eb:31,192.168.10.9,62825,151.101.45.108,80,6,0.032110,2,1,1,126,60,66,31.142948,sSE,0.032110
b8:ac:6f:36:04:e3,00:c1:b1:14:eb:31,192.168.10.12,57780,104.80.89.49,80,6,0.077205,3,2,1,214,140,74,25.905058,sSE,0.077205
b8:ac:6f:36:04:e3,00:c1:b1:14:eb:31,192.168.10.12,39980,37.187.168.211,80,6,0.477558,6,4,2,2298,1078,1220,10.469933,sSE,0.477558
b8:ac:6f:36:04:e3,00:c1:b1:14:eb:31,192.168.10.12,39978,37.187.168.211,80,6,0.409703,6,4,2,1166,739,427,12.203962,sSE,0.409703
b8:ac:6f:36:04:e3,00:c1:b1:14:eb:31,192.168.10.12,53460,85.111.71.114,80,6,0.147584,3,2,1,200,134,66,13.551604,sSE,0.147584
b8:ac:6f:36:04:e3,18:66:da:9b:e3:7d,192.168.10.12,50810,192.168.10.3,53,17,0.000195,4,2,2,412,150,262,15384.615234,CON,0.000195
b8:ac:6f:36:04:e3,18:66:da:9b:e3:7d,192.168.10.12,29947,192.168.10.3,53,17,0.000379,4,2,2,512,150,362,7915.567383,CON,0.000379
b8:ac:6f:36:04:e3,18:66:da:9b:e3:7d,192.168.10.12,48161,192.168.10.3,53,17,0.000180,4,2,2,412,150,262,16666.666016,CON,0.000180
b8:ac:6f:36:04:e3,18:66:da:9b:e3:7d,192.168.10.12,1774,192.168.10.3,53,17,0.000182,4,2,2,512,150,362,16483.515625,CON,0.000182
b8:ac:6f:36:04:e3,18:66:da:9b:e3:7d,192.168.10.12,11170,192.168.10.3,53,17,0.000194,4,2,2,412,150,262,15463.917969,CON,0.000194
b8:ac:6f:36:04:e3,18:66:da:9b:e3:7d,192.168.10.12,39555,192.168.10.3,53,17,0.000243,4,2,2,512,150,362,12345.678711,CON,0.000243
b8:ac:6f:36:04:e3,18:66:da:9b:e3:7d,192.168.10.12,21283,192.168.10.3,53,17,0.159909,4,2,2,336,136,200,18.760672,CON,0.159909
b8:ac:6f:36:04:e3,18:66:da:9b:e3:7d,192.168.10.12,22043,192.168.10.3,53,17,0.000225,4,2,2,364,136,228,13333.333984,CON,0.000225
18:66:da:9b:e3:7d,00:c1:b1:14:eb:31,192.168.10.3,60284,192.168.10.1,53,17,0.159468,2,1,1,190,79,111,6.270851,CON,0.159468
b8:ac:6f:36:04:e3,18:66:da:9b:e3:7d,192.168.10.12,58552,192.168.10.3,53,17,0.155470,4,2,2,336,136,200,19.296328,CON,0.155470
b8:ac:6f:1d:1f:6c,00:c1:b1:14:eb:31,192.168.10.9,62709,23.21.83.14,80,6,0.000000,1,1,0,60,60,0,0.000000,sSE,0.000000
b8:ac:6f:36:04:e3,18:66:da:9b:e3:7d,192.168.10.12,29507,192.168.10.3,53,17,0.000055,4,2,2,452,170,282,54545.453125,CON,0.000055
b8:ac:6f:36:04:e3,18:66:da:9b:e3:7d,192.168.10.12,33109,192.168.10.3,53,17,0.000129,4,2,2,476,170,306,23255.814453,CON,0.000129
b8:ac:6f:36:04:e3,00:c1:b1:14:eb:31,192.168.10.12,52854,172.217.9.226,80,6,0.074465,7,4,3,962,640,322,80.574768,sSE,0.074465
b8:ac:6f:1d:1f:6c,00:c1:b1:14:eb:31,192.168.10.9,62674,104.17.239.25,80,6,0.015083,2,1,1,126,60,66,66.299805,sSE,0.015083
b8:ac:6f:36:04:e3,00:c1:b1:14:eb:31,192.168.10.12,52856,172.217.9.226,80,6,0.036293,3,2,1,214,140,74,55.107044,sSE,0.036293
b8:ac:6f:36:04:e3,18:66:da:9b:e3:7d,192.168.10.12,38781,192.168.10.3,53,17,0.000207,4,2,2,560,166,394,14492.752930,CON,0.000207
b8:ac:6f:36:04:e3,18:66:da:9b:e3:7d,192.168.10.12,35070,192.168.10.3,53,17,0.000268,4,2,2,616,166,450,11194.029297,CON,0.000268
b8:ac:6f:36:04:e3,18:66:da:9b:e3:7d,192.168.10.12,45256,192.168.10.3,53,17,0.000191,4,2,2,416,154,262,15706.806641,CON,0.000191
b8:ac:6f:36:04:e3,18:66:da:9b:e3:7d,192.168.10.12,36906,192.168.10.3,53,17,0.000275,4,2,2,510,154,356,10909.090820,CON,0.000275
b8:ac:6f:36:04:e3,00:c1:b1:14:eb:31,192.168.10.12,50554,92.45.106.166,80,6,0.684346,11,7,4,2834,1772,1062,14.612491,sSE,0.684346
b8:ac:6f:36:0b:a8,00:c1:b1:14:eb:31,192.168.10.51,36633,72.21.91.29,80,6,0.023696,2,1,1,132,66,66,42.201218,sSE,0.023696
b8:ac:6f:36:04:e3,18:66:da:9b:e3:7d,192.168.10.12,49471,192.168.10.3,53,17,0.031168,4,2,2,624,152,472,96.252563,CON,0.031168
b8:ac:6f:36:04:e3,18:66:da:9b:e3:7d,192.168.10.12,2223,192.168.10.3,53,17,0.000214,4,2,2,394,152,242,14018.691406,CON,0.000214
18:66:da:9b:e3:7d,00:c1:b1:14:eb:31,192.168.10.3,60906,192.168.10.1,53,17,0.030622,2,1,1,334,87,247,32.656261,CON,0.030622
b8:ac:6f:36:04:e3,18:66:da:9b:e3:7d,192.168.10.12,43998,192.168.10.3,53,17,0.030881,4,2,2,624,152,472,97.147110,CON,0.030881
b8:ac:6f:36:04:e3,18:66:da:9b:e3:7d,192.168.10.12,48023,192.168.10.3,53,17,0.000199,4,2,2,412,150,262,15075.376953,CON,0.000199
b8:ac:6f:36:04:e3,18:66:da:9b:e3:7d,192.168.10.12,25488,192.168.10.3,53,17,0.000246,4,2,2,512,150,362,12195.121094,CON,0.000246
b8:ac:6f:1d:1f:6c,00:c1:b1:14:eb:31,192.168.10.9,62683,104.17.52.121,80,6,0.015069,2,1,1,126,60,66,66.361404,sSE,0.015069
b8:ac:6f:36:04:e3,18:66:da:9b:e3:7d,192.168.10.12,22850,192.168.10.3,53,17,0.000205,4,2,2,412,150,262,14634.146484,CON,0.000205
b8:ac:6f:36:04:e3,18:66:da:9b:e3:7d,192.168.10.12,15415,192.168.10.3,53,17,0.000317,4,2,2,512,150,362,9463.722656,CON,0.000317
b8:ac:6f:36:04:e3,18:66:da:9b:e3:7d,192.168.10.12,60925,192.168.10.3,53,17,0.000210,4,2,2,412,150,262,14285.714844,CON,0.000210
b8:ac:6f:36:04:e3,18:66:da:9b:e3:7d,192.168.10.12,28844,192.168.10.3,53,17,0.000266,4,2,2,512,150,362,11278.196289,CON,0.000266
b8:ac:6f:36:04:e3,00:c1:b1:14:eb:31,192.168.10.12,41852,149.202.197.119,80,6,0.107592,3,2,1,214,140,74,18.588743,sSE,0.107592
00:19:b9:0a:69:f1,00:c1:b1:14:eb:31,192.168.10.50,123,206.75.89.101,123,17,5.077055,8,4,4,720,360,360,1.378752,CON,5.077055
00:19:b9:0a:69:f1,00:c1:b1:14:eb:31,192.168.10.50,123,207.210.46.249,123,17,5.010354,8,4,4,720,360,360,1.397107,CON,5.010354
00:19:b9:0a:69:f1,00:c1:b1:14:eb:31,192.168.10.50,123,129.6.15.29,123,17,4.014518,6,3,3,540,270,270,1.245480,CON,4.014518
00:19:b9:0a:69:f1,18:66:da:9b:e3:7d,192.168.10.50,61740,192.168.10.3,53,17,0.031238,4,2,2,392,148,244,96.036873,CON,0.031238
00:19:b9:0a:69:f1,18:66:da:9b:e3:7d,192.168.10.50,34291,192.168.10.3,53,17,0.024661,4,2,2,408,148,260,121.649567,CON,0.024661
18:66:da:9b:e3:7d,00:c1:b1:14:eb:31,192.168.10.3,62470,192.168.10.1,53,17,0.030783,2,1,1,218,85,133,32.485462,CON,0.030783
18:66:da:9b:e3:7d,00:c1:b1:14:eb:31,192.168.10.3,60241,192.168.10.1,53,17,0.024193,2,1,1,226,85,141,41.334270,CON,0.024193
b8:ac:6f:36:04:e3,18:66:da:9b:e3:7d,192.168.10.12,58948,192.168.10.3,53,17,0.000177,4,2,2,444,180,264,16949.152344,CON,0.000177
b8:ac:6f:36:04:e3,18:66:da:9b:e3:7d,192.168.10.12,38767,192.168.10.3,53,17,0.000842,4,2,2,412,180,232,3562.945312,CON,0.000842
18:66:da:9b:e3:7d,00:c1:b1:14:eb:31,192.168.10.3,60373,192.168.10.1,53,17,0.000474,2,1,1,256,98,158,2109.704590,CON,0.000474
00:19:b9:0a:69:f1,00:c1:b1:14:eb:31,192.168.10.50,123,91.189.91.157,123,17,0.999553,4,2,2,360,180,180,3.001342,CON,0.999553
00:19:b9:0a:69:f1,18:66:da:9b:e3:7d,192.168.10.50,30972,192.168.10.3,53,17,0.000211,4,2,2,452,162,290,14218.008789,CON,0.000211
00:19:b9:0a:69:f1,18:66:da:9b:e3:7d,192.168.10.50,14795,192.168.10.3,53,17,0.000218,4,2,2,434,162,272,13761.467773,CON,0.000218
b8:ac:6f:36:04:e3,18:66:da:9b:e3:7d,192.168.10.12,11977,192.168.10.3,53,17,0.000213,4,2,2,440,156,284,14084.506836,CON,0.000213
b8:ac:6f:36:04:e3,18:66:da:9b:e3:7d,192.168.10.12,56610,192.168.10.3,53,17,0.000231,4,2,2,402,156,246,12987.012695,CON,0.000231
b8:ac:6f:36:0b:a8,00:c1:b1:14:eb:31,192.168.10.51,40910,172.217.12.174,443,6,0.036380,2,1,1,132,66,66,27.487631,sSE,0.036380
b8:ac:6f:1d:1f:6c,00:c1:b1:14:eb:31,192.168.10.9,62692,104.17.55.121,80,6,0.014863,2,1,1,126,60,66,67.281166,sSE,0.014863
b8:ac:6f:1d:1f:6c,00:c1:b1:14:eb:31,192.168.10.9,62686,104.17.52.121,80,6,0.014866,2,1,1,126,60,66,67.267593,sSE,0.014866
b8:ac:6f:1d:1f:6c,00:c1:b1:14:eb:31,192.168.10.9,62688,104.17.52.121,80,6,0.014866,2,1,1,126,60,66,67.267593,sSE,0.014866
b8:ac:6f:36:04:e3,18:66:da:9b:e3:7d,192.168.10.12,8536,192.168.10.3,53,17,0.000177,4,2,2,412,150,262,16949.152344,CON,0.000177
b8:ac:6f:36:04:e3,18:66:da:9b:e3:7d,192.168.10.12,53372,192.168.10.3,53,17,0.000153,4,2,2,512,150,362,19607.843750,CON,0.000153
b8:ac:6f:36:04:e3,18:66:da:9b:e3:7d,192.168.10.12,17221,192.168.10.3,53,17,0.000212,4,2,2,412,150,262,14150.943359,CON,0.000212
b8:ac:6f:36:04:e3,18:66:da:9b:e3:7d,192.168.10.12,13885,192.168.10.3,53,17,0.000200,4,2,2,512,150,362,15000.000000,CON,0.000200
b8:ac:6f:1d:1f:6c,00:c1:b1:14:eb:31,192.168.10.9,62954,23.61.187.27,80,6,0.036998,2,1,1,126,60,66,27.028488,sSE,0.036998
b8:ac:6f:1d:1f:6c,00:c1:b1:14:eb:31,192.168.10.9,62956,23.61.187.27,80,6,0.036769,2,1,1,126,60,66,27.196825,sSE,0.036769
b8:ac:6f:36:04:e3,18:66:da:9b:e3:7d,192.168.10.12,55713,192.168.10.3,53,17,0.000175,4,2,2,416,154,262,17142.857422,CON,0.000175
b8:ac:6f:36:04:e3,18:66:da:9b:e3:7d,192.168.10.12,53192,192.168.10.3,53,17,0.000216,4,2,2,510,154,356,13888.888672,CON,0.000216
b8:ac:6f:1d:1f:6c,00:c1:b1:14:eb:31,192.168.10.9,62958,23.61.187.27,80,6,0.036983,2,1,1,126,60,66,27.039452,sSE,0.036983
b8:ac:6f:1d:1f:6c,00:c1:b1:14:eb:31,192.168.10.9,62957,23.61.187.27,80,6,0.039422,2,1,1,126,60,66,25.366545,sSE,0.039422
b8:ac:6f:1d:1f:6c,00:c1:b1:14:eb:31,192.168.10.9,62680,104.17.55.121,80,6,0.015234,2,1,1,126,60,66,65.642639,sSE,0.015234
b8:ac:6f:1d:1f:6c,00:c1:b1:14:eb:31,192.168.10.9,62682,104.17.52.121,80,6,0.015243,2,1,1,126,60,66,65.603882,sSE,0.015243
b8:ac:6f:1d:1f:6c,00:c1:b1:14:eb:31,192.168.10.9,62693,104.17.54.121,80,6,0.015237,2,1,1,126,60,66,65.629715,sSE,0.015237
b8:ac:6f:1d:1f:6c,00:c1:b1:14:eb:31,192.168.10.9,62678,104.17.52.121,80,6,0.015220,2,1,1,126,60,66,65.703018,sSE,0.015220
b8:ac:6f:1d:1f:6c,00:c1:b1:14:eb:31,192.168.10.9,62691,104.17.56.121,80,6,0.015214,2,1,1,126,60,66,65.728935,sSE,0.015214
b8:ac:6f:1d:1f:6c,00:c1:b1:14:eb:31,192.168.10.9,62696,104.17.54.121,80,6,0.015220,2,1,1,126,60,66,65.703018,sSE,0.015220
b8:ac:6f:1d:1f:6c,00:c1:b1:14:eb:31,192.168.10.9,62715,104.17.55.121,80,6,0.015202,2,1,1,126,60,66,65.780823,sSE,0.015202
b8:ac:6f:1d:1f:6c,00:c1:b1:14:eb:31,192.168.10.9,62690,104.17.56.121,80,6,0.015229,2,1,1,126,60,66,65.664192,sSE,0.015229
b8:ac:6f:1d:1f:6c,00:c1:b1:14:eb:31,192.168.10.9,62716,104.17.55.121,80,6,0.015222,2,1,1,126,60,66,65.694389,sSE,0.015222
b8:ac:6f:1d:1f:6c,00:c1:b1:14:eb:31,192.168.10.9,62713,23.194.182.6,80,6,0.023163,2,1,1,126,60,66,43.172302,sSE,0.023163
b8:ac:6f:36:04:e3,18:66:da:9b:e3:7d,192.168.10.12,48815,192.168.10.3,53,17,0.000179,4,2,2,432,152,280,16759.777344,CON,0.000179
b8:ac:6f:36:04:e3,18:66:da:9b:e3:7d,192.168.10.12,42032,192.168.10.3,53,17,0.000147,4,2,2,394,152,242,20408.164062,CON,0.000147
00:1e:4f:d4:ca:28,00:c1:b1:14:eb:31,192.168.10.15,50011,23.208.163.130,443,6,0.023173,2,1,1,126,60,66,43.153667,sSE,0.023173
b8:ac:6f:36:0a:8b,00:c1:b1:14:eb:31,192.168.10.5,51790,172.217.12.142,443,6,0.036865,2,1,1,126,60,66,27.126001,sSE,0.036865
b8:ac:6f:36:08:f5,00:c1:b1:14:eb:31,192.168.10.8,49400,52.84.145.143,443,6,0.217395,3,2,1,260,160,100,9.199844,sSE,0.217395
b8:ac:6f:36:08:f5,00:c1:b1:14:eb:31,192.168.10.8,49402,52.84.145.143,443,6,0.217395,3,2,1,260,160,100,9.199844,sSE,0.217395
b8:ac:6f:1d:1f:6c,00:c1:b1:14:eb:31,192.168.10.9,62753,52.44.126.167,443,6,0.050434,4,2,2,265,120,145,59.483681,sSEfF,0.050434
b8:ac:6f:36:04:e3,18:66:da:9b:e3:7d,192.168.10.12,45297,192.168.10.3,53,17,0.000230,4,2,2,594,152,442,13043.477539,CON,0.000230
b8:ac:6f:36:04:e3,18:66:da:9b:e3:7d,192.168.10.12,64945,192.168.10.3,53,17,0.000228,4,2,2,648,152,496,13157.894531,CON,0.000228
b8:ac:6f:36:04:e3,18:66:da:9b:e3:7d,192.168.10.12,13948,192.168.10.3,53,17,0.000213,4,2,2,594,152,442,14084.506836,CON,0.000213
b8:ac:6f:36:04:e3,18:66:da:9b:e3:7d,192.168.10.12,41798,192.168.10.3,53,17,0.000266,4,2,2,648,152,496,11278.196289,CON,0.000266
b8:ac:6f:36:04:e3,00:c1:b1:14:eb:31,192.168.10.12,39354,23.15.4.9,80,6,0.295603,16,10,6,4936,3501,1435,50.743732,sSE,0.295603
b8:ac:6f:36:04:e3,00:c1:b1:14:eb:31,192.168.10.12,39356,23.15.4.9,80,6,3.969342,19,12,7,6107,4351,1756,4.534757,sSE,3.969342
b8:ac:6f:36:04:e3,00:c1:b1:14:eb:31,192.168.10.12,39358,23.15.4.9,80,6,0.332469,15,9,6,4882,3436,1446,42.109192,sSE,0.332469
b8:ac:6f:36:04:e3,18:66:da:9b:e3:7d,192.168.10.12,18716,192.168.10.3,53,17,0.000190,4,2,2,336,136,200,15789.473633,CON,0.000190
b8:ac:6f:36:04:e3,18:66:da:9b:e3:7d,192.168.10.12,16323,192.168.10.3,53,17,0.000188,4,2,2,364,136,228,15957.446289,CON,0.000188
b8:ac:6f:1d:1f:6c,00:c1:b1:14:eb:31,192.168.10.9,62945,38.71.5.33,443,6,0.086208,2,1,1,120,60,60,11.599852,sSE,0.086208
b8:ac:6f:1d:1f:6c,00:c1:b1:14:eb:31,192.168.10.9,62950,38.71.5.33,443,6,0.086287,2,1,1,120,60,60,11.589231,sSE,0.086287
b8:ac:6f:1d:1f:6c,00:c1:b1:14:eb:31,192.168.10.9,62949,38.71.5.33,443,6,0.086287,2,1,1,120,60,60,11.589231,sSE,0.086287
b8:ac:6f:1d:1f:6c,00:c1:b1:14:eb:31,192.168.10.9,62947,38.71.5.33,443,6,0.085433,2,1,1,120,60,60,11.705079,sSE,0.085433
b8:ac:6f:1d:1f:6c,00:c1:b1:14:eb:31,192.168.10.9,62961,23.23.175.171,80,6,0.050504,2,1,1,126,60,66,19.800413,sSE,0.050504
b8:ac:6f:36:04:e3,18:66:da:9b:e3:7d,192.168.10.12,20869,192.168.10.3,53,17,0.000019,4,2,2,594,152,442,157894.750000,CON,0.000019
b8:ac:6f:36:04:e3,18:66:da:9b:e3:7d,192.168.10.12,33539,192.168.10.3,53,17,0.000018,4,2,2,648,152,496,166666.656250,CON,0.000018
b8:ac:6f:36:04:e3,18:66:da:9b:e3:7d,192.168.10.12,55731,192.168.10.3,53,17,0.000225,4,2,2,594,152,442,13333.333984,CON,0.000225
b8:ac:6f:36:04:e3,18:66:da:9b:e3:7d,192.168.10.12,28604,192.168.10.3,53,17,0.000351,4,2,2,648,152,496,8547.008789,CON,0.000351
b8:ac:6f:36:04:e3,18:66:da:9b:e3:7d,192.168.10.12,9262,192.168.10.3,53,17,0.000206,4,2,2,594,152,442,14563.107422,CON,0.000206
b8:ac:6f:36:04:e3,18:66:da:9b:e3:7d,192.168.10.12,19303,192.168.10.3,53,17,0.000205,4,2,2,648,152,496,14634.146484,CON,0.000205
b8:ac:6f:36:04:e3,18:66:da:9b:e3:7d,192.168.10.12,64461,192.168.10.3,53,17,0.000227,4,2,2,594,152,442,13215.859375,CON,0.000227
b8:ac:6f:36:04:e3,18:66:da:9b:e3:7d,192.168.10.12,22224,192.168.10.3,53,17,0.000273,4,2,2,648,152,496,10989.010742,CON,0.000273
b8:ac:6f:36:04:e3,00:c1:b1:14:eb:31,192.168.10.12,39360,23.15.4.9,80,6,0.193052,13,8,5,3766,2660,1106,62.159420,sSE,0.193052
b8:ac:6f:1d:1f:6c,00:c1:b1:14:eb:31,192.168.10.9,62963,54.225.151.241,80,6,0.050826,2,1,1,126,60,66,19.674971,sSE,0.050826
b8:ac:6f:36:04:e3,18:66:da:9b:e3:7d,192.168.10.12,15447,192.168.10.3,53,17,0.000214,4,2,2,594,152,442,14018.691406,CON,0.000214
b8:ac:6f:36:04:e3,18:66:da:9b:e3:7d,192.168.10.12,60677,192.168.10.3,53,17,0.000149,4,2,2,648,152,496,20134.228516,CON,0.000149
b8:ac:6f:36:04:e3,18:66:da:9b:e3:7d,192.168.10.12,32606,192.168.10.3,53,17,0.000214,4,2,2,594,152,442,14018.691406,CON,0.000214
b8:ac:6f:36:04:e3,18:66:da:9b:e3:7d,192.168.10.12,10125,192.168.10.3,53,17,0.000267,4,2,2,648,152,496,11235.955078,CON,0.000267
b8:ac:6f:36:04:e3,18:66:da:9b:e3:7d,192.168.10.12,19038,192.168.10.3,53,17,0.000253,4,2,2,594,152,442,11857.707031,CON,0.000253
b8:ac:6f:36:04:e3,18:66:da:9b:e3:7d,192.168.10.12,8220,192.168.10.3,53,17,0.000254,4,2,2,648,152,496,11811.023438,CON,0.000254
b8:ac:6f:36:04:e3,18:66:da:9b:e3:7d,192.168.10.12,43679,192.168.10.3,53,17,0.000214,4,2,2,594,152,442,14018.691406,CON,0.000214
b8:ac:6f:36:04:e3,18:66:da:9b:e3:7d,192.168.10.12,32365,192.168.10.3,53,17,0.000372,4,2,2,648,152,496,8064.516113,CON,0.000372
b8:ac:6f:36:04:e3,18:66:da:9b:e3:7d,192.168.10.12,11957,192.168.10.3,53,17,0.000232,4,2,2,594,152,442,12931.034180,CON,0.000232
b8:ac:6f:36:04:e3,18:66:da:9b:e3:7d,192.168.10.12,7026,192.168.10.3,53,17,0.000232,4,2,2,648,152,496,12931.034180,CON,0.000232
b8:ac:6f:36:04:e3,00:c1:b1:14:eb:31,192.168.10.12,39362,23.15.4.9,80,6,3.766291,11,6,5,2700,1841,859,2.655132,sSE,3.766291
b8:ac:6f:36:04:e3,00:c1:b1:14:eb:31,192.168.10.12,39364,23.15.4.9,80,6,0.100787,7,4,3,1452,981,471,59.531487,sSE,0.100787
b8:ac:6f:36:04:e3,18:66:da:9b:e3:7d,192.168.10.12,40582,192.168.10.3,53,17,0.000231,4,2,2,594,152,442,12987.012695,CON,0.000231
b8:ac:6f:36:04:e3,18:66:da:9b:e3:7d,192.168.10.12,62134,192.168.10.3,53,17,0.000230,4,2,2,648,152,496,13043.477539,CON,0.000230
b8:ac:6f:36:04:e3,18:66:da:9b:e3:7d,192.168.10.12,36426,192.168.10.3,53,17,0.000140,4,2,2,336,136,200,21428.570312,CON,0.000140
b8:ac:6f:36:04:e3,18:66:da:9b:e3:7d,192.168.10.12,4749,192.168.10.3,53,17,0.000189,4,2,2,364,136,228,15873.015625,CON,0.000189
00:19:b9:0a:69:f1,ff:ff:ff:ff:ff:ff,192.168.10.50,,192.168.10.14,,2054,0.000247,28,26,2,1680,1560,120,109311.742188,CON,0.000247
b8:ac:6f:36:07:ee,00:19:b9:0a:69:f1,192.168.10.14,51743,192.168.10.50,22,6,3.304409,90,42,48,14658,4956,9702,26.933712,sSEfF,3.304409
b8:ac:6f:36:04:e3,18:66:da:9b:e3:7d,192.168.10.12,2545,192.168.10.3,53,17,0.000061,4,2,2,594,152,442,49180.328125,CON,0.000061
b8:ac:6f:36:04:e3,18:66:da:9b:e3:7d,192.168.10.12,11978,192.168.10.3,53,17,0.000060,4,2,2,648,152,496,50000.000000,CON,0.000060
b8:ac:6f:36:04:e3,18:66:da:9b:e3:7d,192.168.10.12,21051,192.168.10.3,53,17,0.000232,4,2,2,594,152,442,12931.034180,CON,0.000232
b8:ac:6f:36:04:e3,18:66:da:9b:e3:7d,192.168.10.12,65448,192.168.10.3,53,17,0.000357,4,2,2,648,152,496,8403.361328,CON,0.000357
b8:ac:6f:36:04:e3,18:66:da:9b:e3:7d,192.168.10.12,1339,192.168.10.3,53,17,0.000207,4,2,2,594,152,442,14492.752930,CON,0.000207
b8:ac:6f:36:04:e3,18:66:da:9b:e3:7d,192.168.10.12,50879,192.168.10.3,53,17,0.000285,4,2,2,648,152,496,10526.316406,CON,0.000285
b8:ac:6f:36:04:e3,18:66:da:9b:e3:7d,192.168.10.12,26147,192.168.10.3,53,17,0.000190,4,2,2,594,152,442,15789.473633,CON,0.000190
b8:ac:6f:36:04:e3,18:66:da:9b:e3:7d,192.168.10.12,3628,192.168.10.3,53,17,0.000239,4,2,2,648,152,496,12552.300781,CON,0.000239
b8:ac:6f:1d:1f:6c,00:c1:b1:14:eb:31,192.168.10.9,62972,52.0.178.86,80,6,0.065087,2,1,1,126,60,66,15.364052,sSE,0.065087
b8:ac:6f:1d:1f:6c,00:c1:b1:14:eb:31,192.168.10.9,62743,23.15.4.10,80,6,0.015689,2,1,1,126,60,66,63.738922,sSE,0.015689
b8:ac:6f:1d:1f:6c,00:c1:b1:14:eb:31,192.168.10.9,62741,54.210.195.63,80,6,0.050586,2,1,1,126,60,66,19.768314,sSE,0.050586
b8:ac:6f:1d:1f:6c,00:c1:b1:14:eb:31,192.168.10.9,62975,52.84.145.117,80,6,0.022192,2,1,1,126,60,66,45.061283,sSE,0.022192
b8:ac:6f:36:04:e3,18:66:da:9b:e3:7d,192.168.10.12,50105,192.168.10.3,53,17,0.000145,4,2,2,412,150,262,20689.656250,CON,0.000145
b8:ac:6f:36:04:e3,18:66:da:9b:e3:7d,192.168.10.12,35114,192.168.10.3,53,17,0.000192,4,2,2,512,150,362,15624.999023,CON,0.000192
b8:ac:6f:36:04:e3,18:66:da:9b:e3:7d,192.168.10.12,15684,192.168.10.3,53,17,0.000213,4,2,2,412,150,262,14084.506836,CON,0.000213
b8:ac:6f:36:04:e3,18:66:da:9b:e3:7d,192.168.10.12,33981,192.168.10.3,53,17,0.000264,4,2,2,512,150,362,11363.636719,CON,0.000264
b8:ac:6f:36:04:e3,18:66:da:9b:e3:7d,192.168.10.12,9539,192.168.10.3,53,17,0.000165,4,2,2,412,150,262,18181.818359,CON,0.000165
b8:ac:6f:36:04:e3,18:66:da:9b:e3:7d,192.168.10.12,56379,192.168.10.3,53,17,0.000216,4,2,2,512,150,362,13888.888672,CON,0.000216
b8:ac:6f:36:04:e3,18:66:da:9b:e3:7d,192.168.10.12,38057,192.168.10.3,53,17,0.000196,4,2,2,412,150,262,15306.123047,CON,0.000196
b8:ac:6f:36:04:e3,18:66:da:9b:e3:7d,192.168.10.12,64142,192.168.10.3,53,17,0.000244,4,2,2,512,150,362,12295.082031,CON,0.000244
b8:ac:6f:36:04:e3,18:66:da:9b:e3:7d,192.168.10.12,5278,192.168.10.3,53,17,0.000180,4,2,2,412,150,262,16666.666016,CON,0.000180
b8:ac:6f:36:04:e3,18:66:da:9b:e3:7d,192.168.10.12,15558,192.168.10.3,53,17,0.000229,4,2,2,512,150,362,13100.436523,CON,0.000229
b8:ac:6f:1d:1f:6c,00:c1:b1:14:eb:31,192.168.10.9,62974,23.63.152.219,80,6,0.038770,2,1,1,126,60,66,25.793139,sSE,0.038770
