SrcMac,DstMac,SrcAddr,Sport,DstAddr,Dport,Proto,Mean,TotPkts,SrcPkts,DstPkts,TotBytes,SrcBytes,DstBytes,Rate,State,Dur
00:1e:4f:d4:ca:28,00:c1:b1:14:eb:31,192.168.10.15,49943,52.84.143.147,80,6,4.960714,5,3,2,306,180,126,0.806336,sSEfF,4.960714
00:1e:4f:d4:ca:28,00:c1:b1:14:eb:31,192.168.10.15,49929,52.84.145.243,443,6,4.929458,7,4,3,451,265,186,1.217172,sSEfF,4.929458
00:1e:4f:d4:ca:28,00:c1:b1:14:eb:31,192.168.10.15,49916,184.31.6.135,443,6,4.936788,8,4,4,536,265,271,1.417926,sSEfR,4.936788
00:1e:4f:d4:ca:28,00:c1:b1:14:eb:31,192.168.10.15,49925,104.97.122.106,443,6,4.884795,8,4,4,536,265,271,1.433018,sSEfR,4.884795
00:1e:4f:d4:ca:28,00:c1:b1:14:eb:31,192.168.10.15,49919,151.101.44.129,443,6,4.815133,8,4,4,536,265,271,1.453750,sSEfFR,4.815133
b8:ac:6f:36:04:e3,00:c1:b1:14:eb:31,192.168.10.12,38486,146.88.138.32,80,6,5.074080,16,9,7,3285,2108,1177,2.956201,sSEfF,5.074080
00:1e:4f:d4:ca:28,00:c1:b1:14:eb:31,192.168.10.15,49935,104.107.1.74,443,6,4.883747,9,4,5,596,265,331,1.638086,sSEfR,4.883747
00:25:00:a8:c4:60,00:c1:b1:14:eb:31,192.168.10.25,49762,23.36.34.44,443,6,5.020594,7,4,3,4320,3685,635,1.195078,sSE,5.020594
00:1e:4f:d4:ca:28,00:c1:b1:14:eb:31,192.168.10.15,49939,172.217.9.238,80,6,4.771516,5,3,2,306,180,126,0.838308,sSEfF,4.771516
b8:ac:6f:36:0a:8b,00:c1:b1:14:eb:31,192.168.10.5,51764,52.52.224.9,443,6,4.958416,4,2,2,265,120,145,0.605032,sSEfF,4.958416
00:1e:4f:d4:ca:28,00:c1:b1:14:eb:31,192.168.10.15,49936,72.21.91.29,80,6,4.837259,5,3,2,306,180,126,0.826915,sSEfF,4.837259
b8:ac:6f:36:04:e3,00:c1:b1:14:eb:31,192.168.10.12,55650,125.212.216.123,443,6,1.571326,53,27,26,34039,2745,31294,33.093067,sSEfF,1.571326
b8:ac:6f:36:04:e3,00:c1:b1:14:eb:31,192.168.10.12,55652,125.212.216.123,443,6,1.496975,46,22,24,31656,2415,29241,30.060623,sSEfF,1.496975
b8:ac:6f:1d:1f:6c,00:c1:b1:14:eb:31,192.168.10.9,62585,172.217.12.202,443,6,2.126776,39,17,22,6092,2081,4011,17.867420,sSE,2.126776
b8:ac:6f:1d:1f:6c,00:c1:b1:14:eb:31,192.168.10.9,62586,195.142.107.70,443,6,4.826789,57,23,34,21918,13401,8517,11.601916,sSE,4.826789
b8:ac:6f:36:04:e3,00:c1:b1:14:eb:31,192.168.10.12,55660,125.212.216.123,443,6,1.248941,36,19,17,20860,2217,18643,28.023743,sSEfF,1.248941
b8:ac:6f:1d:1f:6c,00:c1:b1:14:eb:31,192.168.10.9,62588,94.31.29.254,443,6,2.221682,21,10,11,7459,1372,6087,9.002188,sSE,2.221682
b8:ac:6f:36:04:e3,00:c1:b1:14:eb:31,192.168.10.12,55662,125.212.216.123,443,6,1.672887,53,28,25,33566,2811,30755,31.083988,sSEfF,1.672887
b8:ac:6f:1d:1f:6c,00:c1:b1:14:eb:31,192.168.10.9,62589,172.217.9.226,443,6,4.978006,134,54,80,39951,8219,31732,26.717525,sSE,4.978006
b8:ac:6f:1d:1f:6c,00:c1:b1:14:eb:31,192.168.10.9,62590,195.142.107.70,443,6,4.773190,55,23,32,20248,12426,7822,11.313189,sSE,4.773190
b8:ac:6f:1d:1f:6c,00:c1:b1:14:eb:31,192.168.10.9,62591,195.142.107.70,443,6,4.772597,58,24,34,21338,13317,8021,11.943184,sSE,4.772597
b8:ac:6f:1d:1f:6c,00:c1:b1:14:eb:31,192.168.10.9,62592,195.142.107.70,443,6,4.818077,51,22,29,18442,11631,6811,10.377584,sSE,4.818077
b8:ac:6f:1d:1f:6c,00:c1:b1:14:eb:31,192.168.10.9,62593,195.142.107.70,443,6,4.807861,52,22,30,19222,11599,7623,10.607628,sSE,4.807861
b8:ac:6f:1d:1f:6c,00:c1:b1:14:eb:31,192.168.10.9,62594,195.142.107.70,443,6,4.742596,80,31,49,39502,16134,23368,16.657543,sSE,4.742596
b8:ac:6f:1d:1f:6c,00:c1:b1:14:eb:31,192.168.10.9,62595,188.165.145.88,80,6,0.991207,6,4,2,1405,714,691,5.044355,sSE,0.991207
b8:ac:6f:36:04:e3,00:c1:b1:14:eb:31,192.168.10.12,55664,125.212.216.123,443,6,1.597170,50,26,24,31169,2679,28490,30.679264,sSEfF,1.597170
b8:ac:6f:36:04:e3,00:c1:b1:14:eb:31,192.168.10.12,55666,125.212.216.123,443,6,1.576908,56,28,28,38108,2811,35297,34.878384,sSEfF,1.576908
b8:ac:6f:1d:1f:6c,00:c1:b1:14:eb:31,192.168.10.9,62557,172.217.10.34,443,6,0.236671,4,2,2,320,160,160,12.675824,E,0.236671
b8:ac:6f:36:04:e3,00:c1:b1:14:eb:31,192.168.10.12,55668,125.212.216.123,443,6,1.498089,51,25,26,34320,2613,31707,33.375854,sSEfF,1.498089
b8:ac:6f:36:04:e3,00:c1:b1:14:eb:31,192.168.10.12,55670,125.212.216.123,443,6,1.621035,32,17,15,17757,2142,15615,19.123585,sSEfF,1.621035
b8:ac:6f:36:04:e3,00:c1:b1:14:eb:31,192.168.10.12,55672,125.212.216.123,443,6,1.109817,17,8,9,5155,1489,3666,14.416791,sSEfF,1.109817
b8:ac:6f:36:04:e3,00:c1:b1:14:eb:31,192.168.10.12,37784,54.154.31.94,80,6,0.230999,7,4,3,1327,839,488,25.974138,sSE,0.230999
b8:ac:6f:36:04:e3,00:c1:b1:14:eb:31,192.168.10.12,37786,54.154.31.94,80,6,0.104104,3,2,1,214,140,74,19.211557,sSE,0.104104
b8:ac:6f:36:04:e3,00:c1:b1:14:eb:31,192.168.10.12,41610,149.202.197.119,80,6,0.108374,4,2,2,264,132,132,27.681917,sSEf,0.108374
b8:ac:6f:36:04:e3,00:c1:b1:14:eb:31,192.168.10.12,55678,125.212.216.123,443,6,1.151748,22,10,12,9829,1621,8208,18.233156,sSEfF,1.151748
b8:ac:6f:36:04:e3,00:c1:b1:14:eb:31,192.168.10.12,55680,125.212.216.123,443,6,1.023743,23,11,12,9763,1699,8064,21.489767,sSEfF,1.023743
b8:ac:6f:36:0a:8b,00:c1:b1:14:eb:31,192.168.10.5,51765,52.52.224.9,443,6,4.959901,4,2,2,265,120,145,0.604851,sSEfF,4.959901
00:1e:4f:d4:ca:28,00:c1:b1:14:eb:31,192.168.10.15,49918,52.84.143.117,443,6,0.022193,5,3,2,325,205,120,180.237015,sSEfF,0.022193
00:1e:4f:d4:ca:28,00:c1:b1:14:eb:31,192.168.10.15,49921,72.249.192.50,443,6,0.016963,6,3,3,410,205,205,294.759186,sSEfR,0.016963
b8:ac:6f:36:0b:a8,00:c1:b1:14:eb:31,192.168.10.51,55336,23.194.180.22,443,6,0.023192,2,1,1,132,66,66,43.118317,sSE,0.023192
b8:ac:6f:36:0b:a8,00:c1:b1:14:eb:31,192.168.10.51,55337,23.194.180.22,443,6,0.023193,2,1,1,132,66,66,43.116459,sSE,0.023193
b8:ac:6f:36:04:e3,00:c1:b1:14:eb:31,192.168.10.12,55682,125.212.216.123,443,6,1.077499,22,10,12,9829,1621,8208,19.489576,sSEfF,1.077499
b8:ac:6f:36:0b:a8,00:c1:b1:14:eb:31,192.168.10.51,55340,23.194.180.22,443,6,0.023326,2,1,1,132,66,66,42.870617,sSE,0.023326
b8:ac:6f:36:04:e3,00:c1:b1:14:eb:31,192.168.10.12,55684,125.212.216.123,443,6,1.053503,18,8,10,6355,1489,4866,16.136641,sSEfF,1.053503
b8:ac:6f:1d:1f:6c,00:c1:b1:14:eb:31,192.168.10.9,62596,195.142.107.75,443,6,4.020214,16,8,8,6026,1619,4407,3.731145,sSE,4.020214
b8:ac:6f:1d:1f:6c,00:c1:b1:14:eb:31,192.168.10.9,62597,195.142.107.75,443,6,4.020041,14,9,5,3786,1679,2107,3.233798,sSE,4.020041
b8:ac:6f:36:0b:a8,00:c1:b1:14:eb:31,192.168.10.51,55334,23.194.180.22,443,6,0.023142,2,1,1,132,66,66,43.211475,sSE,0.023142
b8:ac:6f:1d:1f:6c,18:66:da:9b:e3:7d,192.168.10.9,57660,192.168.10.3,53,17,0.000236,4,2,2,424,160,264,12711.864258,CON,0.000236
b8:ac:6f:1d:1f:6c,18:66:da:9b:e3:7d,192.168.10.9,51414,192.168.10.3,53,17,0.000180,4,2,2,372,170,202,16666.666016,CON,0.000180
b8:ac:6f:1d:1f:6c,18:66:da:9b:e3:7d,192.168.10.9,49178,192.168.10.3,53,17,0.000162,4,2,2,396,170,226,18518.519531,CON,0.000162
b8:ac:6f:1d:1f:6c,18:66:da:9b:e3:7d,192.168.10.9,60875,192.168.10.3,53,17,0.024629,4,2,2,332,150,182,121.807625,CON,0.024629
b8:ac:6f:1d:1f:6c,18:66:da:9b:e3:7d,192.168.10.9,53338,192.168.10.3,53,17,0.024387,4,2,2,332,150,182,123.016357,CON,0.024387
18:66:da:9b:e3:7d,00:c1:b1:14:eb:31,192.168.10.3,60644,192.168.10.1,53,17,0.024364,2,1,1,188,86,102,41.044163,CON,0.024364
b8:ac:6f:1d:1f:6c,18:66:da:9b:e3:7d,192.168.10.9,50848,192.168.10.3,53,17,0.000008,4,2,2,452,170,282,375000.000000,CON,0.000008
b8:ac:6f:1d:1f:6c,00:c1:b1:14:eb:31,192.168.10.9,62598,172.217.9.226,443,6,0.159977,23,11,12,6510,1405,5105,137.519760,sSE,0.159977
b8:ac:6f:1d:1f:6c,00:c1:b1:14:eb:31,192.168.10.9,62599,74.119.118.100,443,6,0.308739,15,7,8,7750,1987,5763,45.345745,sSE,0.308739
b8:ac:6f:1d:1f:6c,18:66:da:9b:e3:7d,192.168.10.9,57311,192.168.10.3,53,17,0.000150,4,2,2,332,150,182,20000.000000,CON,0.000150
b8:ac:6f:1d:1f:6c,18:66:da:9b:e3:7d,192.168.10.9,62826,192.168.10.3,53,17,0.000150,4,2,2,332,150,182,20000.000000,CON,0.000150
b8:ac:6f:1d:1f:6c,18:66:da:9b:e3:7d,192.168.10.9,49318,192.168.10.3,53,17,0.000156,4,2,2,332,150,182,19230.769531,CON,0.000156
b8:ac:6f:1d:1f:6c,00:c1:b1:14:eb:31,192.168.10.9,62600,74.119.118.100,443,6,0.269464,12,6,6,5284,920,4364,40.821781,sSE,0.269464
b8:ac:6f:36:0b:a8,00:c1:b1:14:eb:31,192.168.10.51,54675,172.217.11.8,443,6,0.036168,2,1,1,132,66,66,27.648748,sSE,0.036168
b8:ac:6f:1d:1f:6c,00:c1:b1:14:eb:31,192.168.10.9,62577,54.71.197.51,443,6,0.084342,2,1,1,120,60,60,11.856488,sSE,0.084342
00:23:ae:9b:8a:bf,00:c1:b1:14:eb:31,192.168.10.16,52038,198.101.167.73,443,6,0.038001,2,1,1,132,66,66,26.315096,sSE,0.038001
00:25:00:a8:c4:60,00:c1:b1:14:eb:31,192.168.10.25,49726,68.67.178.138,80,6,0.000000,2,1,1,132,66,66,0.000000,sSEfF,0.000000
b8:ac:6f:1d:1f:6c,18:66:da:9b:e3:7d,192.168.10.9,57137,192.168.10.3,53,17,0.000145,4,2,2,444,180,264,20689.656250,CON,0.000145
b8:ac:6f:1d:1f:6c,18:66:da:9b:e3:7d,192.168.10.9,57914,192.168.10.3,53,17,0.000129,4,2,2,444,180,264,23255.814453,CON,0.000129
b8:ac:6f:1d:1f:6c,00:c1:b1:14:eb:31,192.168.10.9,62601,172.217.10.66,443,6,0.938379,38,16,22,19858,2624,17234,39.429699,sSE,0.938379
b8:ac:6f:1d:1f:6c,18:66:da:9b:e3:7d,192.168.10.9,50401,192.168.10.3,53,17,0.000155,4,2,2,380,174,206,19354.837891,CON,0.000155
b8:ac:6f:1d:1f:6c,18:66:da:9b:e3:7d,192.168.10.9,62082,192.168.10.3,53,17,0.000171,4,2,2,444,180,264,17543.859375,CON,0.000171
b8:ac:6f:1d:1f:6c,18:66:da:9b:e3:7d,192.168.10.9,60257,192.168.10.3,53,17,0.000156,4,2,2,380,174,206,19230.769531,CON,0.000156
b8:ac:6f:36:08:f5,18:66:da:9b:e3:7d,192.168.10.8,58339,192.168.10.3,53,17,0.024151,4,2,2,568,156,412,124.218460,CON,0.024151
b8:ac:6f:36:08:f5,18:66:da:9b:e3:7d,192.168.10.8,61085,192.168.10.3,53,17,0.024251,4,2,2,568,156,412,123.706245,CON,0.024251
18:66:da:9b:e3:7d,00:c1:b1:14:eb:31,192.168.10.3,60755,192.168.10.1,53,17,0.023728,2,1,1,306,89,217,42.144302,CON,0.023728
b8:ac:6f:36:0b:a8,00:c1:b1:14:eb:31,192.168.10.51,60415,31.13.73.7,443,6,0.059942,3,2,1,280,173,107,33.365585,E,0.059942
b8:ac:6f:36:0b:a8,00:c1:b1:14:eb:31,192.168.10.51,37616,172.217.9.226,443,6,0.036258,2,1,1,132,66,66,27.580120,sSE,0.036258
b8:ac:6f:36:08:f5,00:c1:b1:14:eb:31,192.168.10.8,49388,50.17.209.234,443,6,0.162637,14,7,7,4862,1281,3581,79.932610,sSE,0.162637
b8:ac:6f:36:08:f5,18:66:da:9b:e3:7d,192.168.10.8,62045,192.168.10.3,53,17,0.000209,4,2,2,568,156,412,14354.066406,CON,0.000209
b8:ac:6f:36:08:f5,18:66:da:9b:e3:7d,192.168.10.8,64668,192.168.10.3,53,17,0.000196,4,2,2,568,156,412,15306.123047,CON,0.000196
b8:ac:6f:1d:1f:6c,00:c1:b1:14:eb:31,192.168.10.9,62602,37.140.238.33,443,6,0.315068,13,7,6,5916,1231,4685,38.087017,sSE,0.315068
b8:ac:6f:1d:1f:6c,18:66:da:9b:e3:7d,192.168.10.9,57783,192.168.10.3,53,17,0.000178,4,2,2,496,168,328,16853.931641,CON,0.000178
b8:ac:6f:1d:1f:6c,18:66:da:9b:e3:7d,192.168.10.9,56971,192.168.10.3,53,17,0.000159,4,2,2,496,168,328,18867.923828,CON,0.000159
b8:ac:6f:36:04:e3,18:66:da:9b:e3:7d,192.168.10.12,27315,192.168.10.3,53,17,0.093509,4,2,2,372,154,218,32.082474,CON,0.093509
b8:ac:6f:36:04:e3,18:66:da:9b:e3:7d,192.168.10.12,1836,192.168.10.3,53,17,0.048920,4,2,2,420,154,266,61.324608,CON,0.048920
18:66:da:9b:e3:7d,00:c1:b1:14:eb:31,192.168.10.3,60819,192.168.10.1,53,17,0.093145,2,1,1,208,88,120,10.735950,CON,0.093145
18:66:da:9b:e3:7d,00:c1:b1:14:eb:31,192.168.10.3,62033,192.168.10.1,53,17,0.048570,2,1,1,232,88,144,20.588840,CON,0.048570
b8:ac:6f:1d:1f:6c,00:c1:b1:14:eb:31,192.168.10.9,62578,52.84.145.211,443,6,0.022135,2,1,1,126,60,66,45.177319,sSE,0.022135
b8:ac:6f:1d:1f:6c,00:c1:b1:14:eb:31,192.168.10.9,62603,37.140.238.33,443,6,0.622062,13,7,6,5245,779,4466,19.290680,sSE,0.622062
00:1e:4f:d4:ca:28,00:c1:b1:14:eb:31,192.168.10.15,49810,172.217.6.196,443,6,0.093547,3,2,1,260,160,100,21.379627,E,0.093547
00:1e:4f:d4:ca:28,00:c1:b1:14:eb:31,192.168.10.15,49912,72.21.91.113,443,6,0.077892,3,2,1,260,160,100,25.676579,sSE,0.077892
00:1e:4f:d4:ca:28,00:c1:b1:14:eb:31,192.168.10.15,49910,172.217.7.3,443,6,0.093469,3,2,1,260,160,100,21.397469,sSE,0.093469
00:1e:4f:d4:ca:28,00:c1:b1:14:eb:31,192.168.10.15,49900,151.101.129.179,443,6,0.077815,3,2,1,260,160,100,25.701984,sSE,0.077815
00:1e:4f:d4:ca:28,00:c1:b1:14:eb:31,192.168.10.15,49889,172.217.11.8,443,6,0.093397,3,2,1,260,160,100,21.413965,sSE,0.093397
b8:ac:6f:1d:1f:6c,00:c1:b1:14:eb:31,192.168.10.9,62604,205.234.175.175,443,6,1.460097,24,10,14,3842,1666,2176,15.752378,sSE,1.460097
b8:ac:6f:1d:1f:6c,18:66:da:9b:e3:7d,192.168.10.9,52193,192.168.10.3,53,17,0.000224,4,2,2,416,160,256,13392.857422,CON,0.000224
b8:ac:6f:1d:1f:6c,18:66:da:9b:e3:7d,192.168.10.9,53036,192.168.10.3,53,17,0.000209,4,2,2,416,160,256,14354.066406,CON,0.000209
b8:ac:6f:1d:1f:6c,18:66:da:9b:e3:7d,192.168.10.9,54941,192.168.10.3,53,17,0.000318,4,2,2,482,154,328,9433.961914,CON,0.000318
b8:ac:6f:1d:1f:6c,00:c1:b1:14:eb:31,192.168.10.9,62605,157.240.2.25,443,6,2.803725,61,30,31,28117,3422,24695,21.400101,sSE,2.803725
b8:ac:6f:1d:1f:6c,18:66:da:9b:e3:7d,192.168.10.9,59614,192.168.10.3,53,17,0.000189,4,2,2,416,160,256,15873.015625,CON,0.000189
b8:ac:6f:1d:1f:6c,18:66:da:9b:e3:7d,192.168.10.9,62828,192.168.10.3,53,17,0.000182,4,2,2,356,162,194,16483.515625,CON,0.000182
b8:ac:6f:1d:1f:6c,18:66:da:9b:e3:7d,192.168.10.9,61091,192.168.10.3,53,17,0.000207,4,2,2,380,162,218,14492.752930,CON,0.000207
b8:ac:6f:1d:1f:6c,18:66:da:9b:e3:7d,192.168.10.9,63564,192.168.10.3,53,17,0.000178,4,2,2,482,154,328,16853.931641,CON,0.000178
b8:ac:6f:1d:1f:6c,18:66:da:9b:e3:7d,192.168.10.9,65310,192.168.10.3,53,17,0.000910,4,2,2,506,176,330,3296.703369,CON,0.000910
18:66:da:9b:e3:7d,00:c1:b1:14:eb:31,192.168.10.3,61595,192.168.10.1,53,17,0.000518,2,1,1,275,99,176,1930.501953,CON,0.000518
b8:ac:6f:36:04:e3,00:c1:b1:14:eb:31,192.168.10.12,34932,92.45.106.102,80,6,0.153273,3,2,1,200,134,66,13.048613,sSE,0.153273
b8:ac:6f:36:04:e3,00:c1:b1:14:eb:31,192.168.10.12,34934,92.45.106.102,80,6,0.301999,6,4,2,1197,915,282,16.556347,sSE,0.301999
b8:ac:6f:36:0b:a8,00:c1:b1:14:eb:31,192.168.10.51,36392,162.213.33.44,443,6,0.983642,21,10,11,6055,1371,4684,20.332602,sSEfF,0.983642
b8:ac:6f:36:04:e3,00:c1:b1:14:eb:31,192.168.10.12,40228,52.84.143.142,443,6,0.022074,2,1,1,132,66,66,45.302162,sSE,0.022074
b8:ac:6f:1d:1f:6c,18:66:da:9b:e3:7d,192.168.10.9,49939,192.168.10.3,53,17,0.000234,4,2,2,704,158,546,12820.512695,CON,0.000234
b8:ac:6f:1d:1f:6c,18:66:da:9b:e3:7d,192.168.10.9,51032,192.168.10.3,53,17,0.000291,4,2,2,704,158,546,10309.278320,CON,0.000291
b8:ac:6f:1d:1f:6c,18:66:da:9b:e3:7d,192.168.10.9,56537,192.168.10.3,53,17,0.024079,4,2,2,456,154,302,124.589890,CON,0.024079
18:66:da:9b:e3:7d,00:c1:b1:14:eb:31,192.168.10.3,60477,192.168.10.1,53,17,0.023547,2,1,1,236,102,134,42.468258,CON,0.023547
b8:ac:6f:1d:1f:6c,18:66:da:9b:e3:7d,192.168.10.9,56344,192.168.10.3,53,17,0.023593,4,2,2,456,154,302,127.156364,CON,0.023593
b8:ac:6f:1d:1f:6c,00:c1:b1:14:eb:31,192.168.10.9,62606,94.31.29.249,443,6,0.131946,19,10,9,5452,1374,4078,136.419449,sSE,0.131946
b8:ac:6f:1d:1f:6c,18:66:da:9b:e3:7d,192.168.10.9,51515,192.168.10.3,53,17,0.000173,4,2,2,456,154,302,17341.041016,CON,0.000173
b8:ac:6f:1d:1f:6c,18:66:da:9b:e3:7d,192.168.10.9,58210,192.168.10.3,53,17,0.000175,4,2,2,428,182,246,17142.857422,CON,0.000175
b8:ac:6f:1d:1f:6c,18:66:da:9b:e3:7d,192.168.10.9,50817,192.168.10.3,53,17,0.000220,4,2,2,428,182,246,13636.363281,CON,0.000220
b8:ac:6f:1d:1f:6c,18:66:da:9b:e3:7d,192.168.10.9,54585,192.168.10.3,53,17,0.024079,4,2,2,494,182,312,124.589890,CON,0.024079
18:66:da:9b:e3:7d,00:c1:b1:14:eb:31,192.168.10.3,60740,192.168.10.1,53,17,0.023661,2,1,1,269,102,167,42.263638,CON,0.023661
b8:ac:6f:36:04:e3,00:c1:b1:14:eb:31,192.168.10.12,55690,125.212.216.123,443,6,1.061792,20,9,11,8249,1555,6694,17.894276,sSEfF,1.061792
b8:ac:6f:36:04:e3,00:c1:b1:14:eb:31,192.168.10.12,55692,125.212.216.123,443,6,1.590144,20,10,10,6800,1620,5180,11.948603,sSEfF,1.590144
b8:ac:6f:36:04:e3,00:c1:b1:14:eb:31,192.168.10.12,55694,125.212.216.123,443,6,1.045522,16,8,8,3639,1487,2152,14.346901,sSEfF,1.045522
b8:ac:6f:36:04:e3,00:c1:b1:14:eb:31,192.168.10.12,55696,125.212.216.123,443,6,1.064068,17,8,9,5153,1487,3666,15.036633,sSEfF,1.064068
b8:ac:6f:36:0b:a8,00:c1:b1:14:eb:31,192.168.10.51,37125,23.61.187.27,80,6,0.038958,2,1,1,132,66,66,25.668671,sSE,0.038958
00:1e:4f:d4:ca:28,00:c1:b1:14:eb:31,192.168.10.15,49946,23.61.187.27,80,6,0.060431,3,2,1,180,120,60,33.095596,sSEfF,0.060431
00:1e:4f:d4:ca:28,00:c1:b1:14:eb:31,192.168.10.15,49931,52.84.140.216,443,6,0.022279,5,3,2,325,205,120,179.541275,sSEfF,0.022279
00:1e:4f:d4:ca:28,00:c1:b1:14:eb:31,192.168.10.15,49930,104.97.122.106,443,6,0.023200,6,3,3,410,205,205,215.517242,sSEfR,0.023200
b8:ac:6f:36:0b:a8,00:c1:b1:14:eb:31,192.168.10.51,54588,52.84.143.97,80,6,0.022112,2,1,1,132,66,66,45.224312,sSE,0.022112
b8:ac:6f:1d:1f:6c,18:66:da:9b:e3:7d,192.168.10.9,50449,192.168.10.3,53,17,0.000263,4,2,2,444,180,264,11406.844727,CON,0.000263
b8:ac:6f:1d:1f:6c,18:66:da:9b:e3:7d,192.168.10.9,61932,192.168.10.3,53,17,0.000196,4,2,2,444,180,264,15306.123047,CON,0.000196
b8:ac:6f:36:04:e3,00:c1:b1:14:eb:31,192.168.10.12,55698,125.212.216.123,443,6,1.010720,17,8,9,5153,1487,3666,15.830299,sSEfF,1.010720
b8:ac:6f:1d:1f:6c,18:66:da:9b:e3:7d,192.168.10.9,55300,192.168.10.3,53,17,0.000205,4,2,2,394,152,242,14634.146484,CON,0.000205
b8:ac:6f:1d:1f:6c,00:c1:b1:14:eb:31,192.168.10.9,62607,157.240.2.35,443,6,2.070429,66,33,33,29392,4244,25148,31.394459,sSE,2.070429
b8:ac:6f:1d:1f:6c,18:66:da:9b:e3:7d,192.168.10.9,55577,192.168.10.3,53,17,0.000115,4,2,2,394,152,242,26086.955078,CON,0.000115
b8:ac:6f:1d:1f:6c,18:66:da:9b:e3:7d,192.168.10.9,59513,192.168.10.3,53,17,0.000253,4,2,2,380,174,206,11857.707031,CON,0.000253
b8:ac:6f:1d:1f:6c,18:66:da:9b:e3:7d,192.168.10.9,54345,192.168.10.3,53,17,0.000189,4,2,2,394,152,242,15873.015625,CON,0.000189
b8:ac:6f:1d:1f:6c,18:66:da:9b:e3:7d,192.168.10.9,51940,192.168.10.3,53,17,0.060052,4,2,2,404,174,230,49.956703,CON,0.060052
18:66:da:9b:e3:7d,00:c1:b1:14:eb:31,192.168.10.3,60320,192.168.10.1,53,17,0.059617,2,1,1,224,98,126,16.773739,CON,0.059617
00:c1:b1:14:eb:31,b8:ac:6f:36:08:f5,104.97.122.33,443,192.168.10.8,49352,6,0.000000,2,1,1,126,66,60,0.000000,E,0.000000
b8:ac:6f:36:04:e3,00:c1:b1:14:eb:31,192.168.10.12,55700,125.212.216.123,443,6,1.044332,17,8,9,5153,1487,3666,15.320798,sSEfF,1.044332
b8:ac:6f:36:04:e3,00:c1:b1:14:eb:31,192.168.10.12,55702,125.212.216.123,443,6,1.051182,17,8,9,5153,1487,3666,15.220961,sSEfF,1.051182
00:25:00:a8:c4:60,00:c1:b1:14:eb:31,192.168.10.25,49795,52.22.67.152,80,6,0.154356,10,6,4,1672,1171,501,58.306770,sSEfF,0.154356
b8:ac:6f:36:04:e3,00:c1:b1:14:eb:31,192.168.10.12,55704,125.212.216.123,443,6,1.083425,18,8,10,5681,1487,4194,15.690979,sSEfF,1.083425
b8:ac:6f:36:04:e3,00:c1:b1:14:eb:31,192.168.10.12,55706,125.212.216.123,443,6,1.060628,17,8,9,5153,1487,3666,15.085402,sSEfF,1.060628
b8:ac:6f:36:07:ee,00:c1:b1:14:eb:31,192.168.10.14,51533,72.21.91.29,80,6,0.023790,2,1,1,126,60,66,42.034470,sSE,0.023790
b8:ac:6f:36:07:ee,00:c1:b1:14:eb:31,192.168.10.14,51540,72.21.91.29,80,6,0.023739,2,1,1,126,60,66,42.124771,sSE,0.023739
b8:ac:6f:36:07:ee,00:c1:b1:14:eb:31,192.168.10.14,51542,72.21.91.29,80,6,0.023892,2,1,1,126,60,66,41.855015,sSE,0.023892
b8:ac:6f:36:0a:8b,00:c1:b1:14:eb:31,192.168.10.5,51710,35.186.253.0,443,6,0.053335,5,2,3,349,120,229,74.997658,EfF,0.053335
b8:ac:6f:36:04:e3,00:c1:b1:14:eb:31,192.168.10.12,55708,125.212.216.123,443,6,1.050056,20,9,11,8247,1553,6694,18.094273,sSEfF,1.050056
b8:ac:6f:1d:1f:6c,18:66:da:9b:e3:7d,192.168.10.9,56005,192.168.10.3,53,17,0.000206,4,2,2,430,174,256,14563.107422,CON,0.000206
b8:ac:6f:1d:1f:6c,18:66:da:9b:e3:7d,192.168.10.9,50164,192.168.10.3,53,17,0.000176,4,2,2,458,170,288,17045.455078,CON,0.000176
b8:ac:6f:1d:1f:6c,18:66:da:9b:e3:7d,192.168.10.9,61910,192.168.10.3,53,17,0.000163,4,2,2,468,178,290,18404.908203,CON,0.000163
b8:ac:6f:1d:1f:6c,18:66:da:9b:e3:7d,192.168.10.9,61739,192.168.10.3,53,17,0.000174,4,2,2,458,170,288,17241.378906,CON,0.000174
b8:ac:6f:1d:1f:6c,00:c1:b1:14:eb:31,192.168.10.9,62608,172.217.6.193,443,6,0.193741,14,7,7,1865,1171,694,67.099892,sSE,0.193741
b8:ac:6f:1d:1f:6c,00:c1:b1:14:eb:31,192.168.10.9,62609,74.119.118.86,443,6,4.319511,37,16,21,15003,1525,13478,8.334277,sSE,4.319511
b8:ac:6f:1d:1f:6c,18:66:da:9b:e3:7d,192.168.10.9,61401,192.168.10.3,53,17,0.024456,4,2,2,340,154,186,122.669281,CON,0.024456
18:66:da:9b:e3:7d,00:c1:b1:14:eb:31,192.168.10.3,60740,192.168.10.1,53,17,0.024105,2,1,1,192,88,104,41.485168,CON,0.024105
b8:ac:6f:1d:1f:6c,00:c1:b1:14:eb:31,192.168.10.9,62610,172.217.9.226,443,6,3.983856,94,40,54,29388,7424,21964,23.344217,sSE,3.983856
b8:ac:6f:36:07:ee,00:c1:b1:14:eb:31,192.168.10.14,51539,52.24.31.137,443,6,0.084657,2,1,1,120,60,60,11.812372,sSE,0.084657
b8:ac:6f:36:07:ee,00:c1:b1:14:eb:31,192.168.10.14,51534,52.24.31.137,443,6,0.083777,2,1,1,120,60,60,11.936450,sSE,0.083777
b8:ac:6f:36:07:ee,00:c1:b1:14:eb:31,192.168.10.14,51538,52.24.31.137,443,6,0.084650,2,1,1,120,60,60,11.813349,sSE,0.084650
b8:ac:6f:1d:1f:6c,18:66:da:9b:e3:7d,192.168.10.9,50728,192.168.10.3,53,17,0.051743,4,2,2,406,162,244,57.978855,CON,0.051743
18:66:da:9b:e3:7d,00:c1:b1:14:eb:31,192.168.10.3,60484,192.168.10.1,53,17,0.051374,2,1,1,225,92,133,19.465099,CON,0.051374
b8:ac:6f:1d:1f:6c,18:66:da:9b:e3:7d,192.168.10.9,62170,192.168.10.3,53,17,0.000132,4,2,2,328,148,180,22727.273438,CON,0.000132
b8:ac:6f:1d:1f:6c,18:66:da:9b:e3:7d,192.168.10.9,49182,192.168.10.3,53,17,0.000177,4,2,2,400,184,216,16949.152344,CON,0.000177
b8:ac:6f:1d:1f:6c,18:66:da:9b:e3:7d,192.168.10.9,64161,192.168.10.3,53,17,0.032667,4,2,2,406,162,244,91.835800,CON,0.032667
b8:ac:6f:1d:1f:6c,18:66:da:9b:e3:7d,192.168.10.9,62151,192.168.10.3,53,17,0.000126,4,2,2,328,148,180,23809.523438,CON,0.000126
b8:ac:6f:1d:1f:6c,18:66:da:9b:e3:7d,192.168.10.9,59371,192.168.10.3,53,17,0.000193,4,2,2,340,154,186,15544.041016,CON,0.000193
b8:ac:6f:1d:1f:6c,00:c1:b1:14:eb:31,192.168.10.9,62611,172.217.10.132,443,6,4.272559,58,27,31,10363,3534,6829,13.340950,sSE,4.272559
b8:ac:6f:1d:1f:6c,00:c1:b1:14:eb:31,192.168.10.9,62612,172.217.9.226,443,6,3.908507,45,20,25,10141,3770,6371,11.257495,sSE,3.908507
b8:ac:6f:1d:1f:6c,18:66:da:9b:e3:7d,192.168.10.9,58006,192.168.10.3,53,17,0.077954,4,2,2,392,150,242,38.484234,CON,0.077954
18:66:da:9b:e3:7d,00:c1:b1:14:eb:31,192.168.10.3,61291,192.168.10.1,53,17,0.077549,2,1,1,196,90,106,12.895072,CON,0.077549
b8:ac:6f:36:07:ee,00:c1:b1:14:eb:31,192.168.10.14,51535,52.24.31.137,443,6,0.083591,2,1,1,120,60,60,11.963011,sSE,0.083591
b8:ac:6f:36:07:ee,00:c1:b1:14:eb:31,192.168.10.14,51536,52.24.31.137,443,6,0.083591,2,1,1,120,60,60,11.963011,sSE,0.083591
b8:ac:6f:1d:1f:6c,18:66:da:9b:e3:7d,192.168.10.9,52135,192.168.10.3,53,17,0.000169,4,2,2,424,184,240,17751.478516,CON,0.000169
b8:ac:6f:1d:1f:6c,18:66:da:9b:e3:7d,192.168.10.9,54486,192.168.10.3,53,17,0.069860,4,2,2,392,150,242,42.943031,CON,0.069860
b8:ac:6f:1d:1f:6c,18:66:da:9b:e3:7d,192.168.10.9,63880,192.168.10.3,53,17,0.000096,4,2,2,458,170,288,31249.998047,CON,0.000096
b8:ac:6f:1d:1f:6c,18:66:da:9b:e3:7d,192.168.10.9,57628,192.168.10.3,53,17,0.000168,4,2,2,468,178,290,17857.142578,CON,0.000168
b8:ac:6f:1d:1f:6c,18:66:da:9b:e3:7d,192.168.10.9,56421,192.168.10.3,53,17,0.000165,4,2,2,328,148,180,18181.818359,CON,0.000165
b8:ac:6f:1d:1f:6c,18:66:da:9b:e3:7d,192.168.10.9,64044,192.168.10.3,53,17,0.000172,4,2,2,328,148,180,17441.861328,CON,0.000172
b8:ac:6f:1d:1f:6c,18:66:da:9b:e3:7d,192.168.10.9,50599,192.168.10.3,53,17,0.000157,4,2,2,328,148,180,19108.279297,CON,0.000157
b8:ac:6f:1d:1f:6c,18:66:da:9b:e3:7d,192.168.10.9,50390,192.168.10.3,53,17,0.000203,4,2,2,406,162,244,14778.325195,CON,0.000203
b8:ac:6f:1d:1f:6c,18:66:da:9b:e3:7d,192.168.10.9,49364,192.168.10.3,53,17,0.000198,4,2,2,352,148,204,15151.515625,CON,0.000198
b8:ac:6f:1d:1f:6c,18:66:da:9b:e3:7d,192.168.10.9,54150,192.168.10.3,53,17,0.000119,4,2,2,348,158,190,25210.083984,CON,0.000119
b8:ac:6f:1d:1f:6c,00:c1:b1:14:eb:31,192.168.10.9,62613,69.4.95.11,80,6,1.454644,38,20,18,17874,11839,6035,25.435778,sSE,1.454644
b8:ac:6f:1d:1f:6c,00:c1:b1:14:eb:31,192.168.10.9,62614,69.4.95.11,80,6,1.520621,37,19,18,17110,11073,6037,23.674540,sSE,1.520621
b8:ac:6f:1d:1f:6c,00:c1:b1:14:eb:31,192.168.10.9,62615,69.4.95.11,80,6,1.420351,35,18,17,16063,10395,5668,23.937744,sSE,1.420351
b8:ac:6f:1d:1f:6c,00:c1:b1:14:eb:31,192.168.10.9,62616,69.4.95.11,80,6,1.453764,34,18,16,15640,10343,5297,22.699696,sSE,1.453764
b8:ac:6f:1d:1f:6c,00:c1:b1:14:eb:31,192.168.10.9,62617,69.4.95.11,80,6,1.453158,34,18,16,15773,10470,5303,22.709162,sSE,1.453158
b8:ac:6f:1d:1f:6c,00:c1:b1:14:eb:31,192.168.10.9,62618,69.4.95.11,80,6,2.518925,31,17,14,13560,8998,4562,11.909842,sSE,2.518925
b8:ac:6f:1d:1f:6c,18:66:da:9b:e3:7d,192.168.10.9,64761,192.168.10.3,53,17,0.000199,4,2,2,392,150,242,15075.376953,CON,0.000199
b8:ac:6f:36:0b:a8,00:c1:b1:14:eb:31,192.168.10.51,36393,162.213.33.44,443,6,1.089046,22,10,12,6121,1371,4750,19.282932,sSEfF,1.089046
b8:ac:6f:36:07:ee,00:c1:b1:14:eb:31,192.168.10.14,51537,52.24.31.137,443,6,0.084650,2,1,1,120,60,60,11.813349,sSE,0.084650
00:1e:4f:d4:ca:28,00:c1:b1:14:eb:31,192.168.10.15,49917,157.240.18.19,443,6,0.093432,3,2,1,260,160,100,21.405941,sSE,0.093432
00:1e:4f:d4:ca:28,00:c1:b1:14:eb:31,192.168.10.15,49924,151.101.2.2,443,6,0.077785,3,2,1,260,160,100,25.711899,sSE,0.077785
b8:ac:6f:1d:1f:6c,00:c1:b1:14:eb:31,192.168.10.9,62568,23.63.226.51,80,6,0.038706,2,1,1,126,60,66,25.835787,sSE,0.038706
b8:ac:6f:36:04:e3,00:c1:b1:14:eb:31,192.168.10.12,55710,125.212.216.123,443,6,1.005599,21,10,11,7980,1619,6361,19.888643,sSEfF,1.005599
b8:ac:6f:36:0b:a8,00:c1:b1:14:eb:31,192.168.10.51,55350,23.194.180.22,443,6,0.023122,2,1,1,132,66,66,43.248856,sSE,0.023122
70:6e:6d:1d:bb:0a,01:00:0c:cc:cc:cc,01:00:0c:cc:cc:cc,170,70:6e:6d:1d:bb:0a,170,0,0.000000,1,1,0,458,458,0,0.000000,INT,0.000000
b8:ac:6f:36:0b:a8,00:c1:b1:14:eb:31,192.168.10.51,55349,23.194.180.22,443,6,0.023383,2,1,1,132,66,66,42.766109,sSE,0.023383
b8:ac:6f:36:0b:a8,00:c1:b1:14:eb:31,192.168.10.51,55348,23.194.180.22,443,6,0.023644,2,1,1,132,66,66,42.294029,sSE,0.023644
b8:ac:6f:36:0b:a8,00:c1:b1:14:eb:31,192.168.10.51,55347,23.194.180.22,443,6,0.023639,2,1,1,132,66,66,42.302975,sSE,0.023639
b8:ac:6f:36:08:f5,18:66:da:9b:e3:7d,192.168.10.8,55052,192.168.10.3,53,17,0.048140,4,2,2,454,172,282,62.318237,CON,0.048140
18:66:da:9b:e3:7d,00:c1:b1:14:eb:31,192.168.10.3,60756,192.168.10.1,53,17,0.047787,2,1,1,249,97,152,20.926193,CON,0.047787
b8:ac:6f:36:04:e3,00:c1:b1:14:eb:31,192.168.10.12,38262,195.142.105.13,80,6,0.141046,3,2,1,180,120,60,14.179770,sSEf,0.141046
b8:ac:6f:36:04:e3,00:c1:b1:14:eb:31,192.168.10.12,38264,195.142.105.13,80,6,0.141025,3,2,1,180,120,60,14.181882,sSEf,0.141025
b8:ac:6f:36:04:e3,18:66:da:9b:e3:7d,192.168.10.12,26183,192.168.10.3,53,17,0.048568,4,2,2,336,136,200,61.769066,CON,0.048568
b8:ac:6f:36:04:e3,18:66:da:9b:e3:7d,192.168.10.12,55042,192.168.10.3,53,17,0.001242,4,2,2,364,136,228,2415.458984,CON,0.001242
18:66:da:9b:e3:7d,00:c1:b1:14:eb:31,192.168.10.3,60709,192.168.10.1,53,17,0.048230,2,1,1,190,79,111,20.733984,CON,0.048230
b8:ac:6f:36:04:e3,18:66:da:9b:e3:7d,192.168.10.12,62256,192.168.10.3,53,17,0.048287,4,2,2,336,136,200,62.128521,CON,0.048287
18:66:da:9b:e3:7d,00:c1:b1:14:eb:31,192.168.10.3,60805,192.168.10.1,53,17,0.000782,2,1,1,204,79,125,1278.772339,CON,0.000782
b8:ac:6f:1d:1f:6c,18:66:da:9b:e3:7d,192.168.10.9,55274,192.168.10.3,53,17,0.050485,4,2,2,424,174,250,59.423592,CON,0.050485
18:66:da:9b:e3:7d,00:c1:b1:14:eb:31,192.168.10.3,60254,192.168.10.1,53,17,0.050091,2,1,1,234,98,136,19.963667,CON,0.050091
b8:ac:6f:36:0b:a8,00:c1:b1:14:eb:31,192.168.10.51,55352,23.194.180.22,443,6,0.023125,2,1,1,132,66,66,43.243244,sSE,0.023125
b8:ac:6f:36:04:e3,00:c1:b1:14:eb:31,192.168.10.12,55712,125.212.216.123,443,6,1.049970,17,8,9,5153,1487,3666,15.238530,sSEfF,1.049970
b8:ac:6f:36:04:e3,00:c1:b1:14:eb:31,192.168.10.12,50488,92.45.106.166,80,6,0.153469,3,2,1,200,134,66,13.031948,sSE,0.153469
b8:ac:6f:36:04:e3,00:c1:b1:14:eb:31,192.168.10.12,50490,92.45.106.166,80,6,0.298266,6,4,2,941,711,230,16.763561,sSE,0.298266
b8:ac:6f:1d:1f:6c,00:c1:b1:14:eb:31,192.168.10.9,62619,74.119.118.66,443,6,4.055513,24,9,15,7863,1105,6758,5.671292,sSE,4.055513
b8:ac:6f:36:0b:a8,00:c1:b1:14:eb:31,192.168.10.51,55351,23.194.180.22,443,6,0.023317,2,1,1,132,66,66,42.887165,sSE,0.023317
b8:ac:6f:36:0b:a8,00:c1:b1:14:eb:31,192.168.10.51,42245,176.34.130.43,443,6,0.105139,5,3,2,361,198,163,38.044872,sSEfF,0.105139
b8:ac:6f:36:04:e3,00:c1:b1:14:eb:31,192.168.10.12,55718,125.212.216.123,443,6,1.729440,123,65,58,85407,5279,80128,70.543068,sSEfF,1.729440
b8:ac:6f:36:0b:a8,00:c1:b1:14:eb:31,192.168.10.51,49989,74.119.118.82,443,6,0.022913,2,1,1,132,66,66,43.643349,sSE,0.022913
b8:ac:6f:1d:1f:6c,00:c1:b1:14:eb:31,192.168.10.9,62620,52.167.223.46,443,6,0.646489,21,12,9,2998,1830,1168,30.936333,sSE,0.646489
b8:ac:6f:1d:1f:6c,18:66:da:9b:e3:7d,192.168.10.9,52101,192.168.10.3,53,17,0.023712,4,2,2,352,160,192,126.518219,CON,0.023712
18:66:da:9b:e3:7d,00:c1:b1:14:eb:31,192.168.10.3,61331,192.168.10.1,53,17,0.023533,2,1,1,198,91,107,42.493519,CON,0.023533
b8:ac:6f:1d:1f:6c,18:66:da:9b:e3:7d,192.168.10.9,57401,192.168.10.3,53,17,0.000142,4,2,2,386,156,230,21126.759766,CON,0.000142
b8:ac:6f:1d:1f:6c,18:66:da:9b:e3:7d,192.168.10.9,62680,192.168.10.3,53,17,0.100188,4,2,2,392,142,250,29.943705,CON,0.100188
18:66:da:9b:e3:7d,00:c1:b1:14:eb:31,192.168.10.3,62311,192.168.10.1,53,17,0.099847,2,1,1,218,82,136,10.015324,CON,0.099847
b8:ac:6f:1d:1f:6c,18:66:da:9b:e3:7d,192.168.10.9,58843,192.168.10.3,53,17,0.051521,4,2,2,430,176,254,58.228683,CON,0.051521
18:66:da:9b:e3:7d,00:c1:b1:14:eb:31,192.168.10.3,60433,192.168.10.1,53,17,0.051135,2,1,1,237,99,138,19.556078,CON,0.051135
b8:ac:6f:1d:1f:6c,00:c1:b1:14:eb:31,192.168.10.9,62621,178.250.2.78,443,6,0.601992,12,6,6,5251,893,4358,18.272667,sSE,0.601992
b8:ac:6f:1d:1f:6c,00:c1:b1:14:eb:31,192.168.10.9,62484,172.217.6.230,443,6,4.261181,61,18,43,42278,1240,41038,14.080604,E,4.261181
b8:ac:6f:1d:1f:6c,18:66:da:9b:e3:7d,192.168.10.9,60813,192.168.10.3,53,17,0.000160,4,2,2,352,160,192,18750.000000,CON,0.000160
b8:ac:6f:36:07:ee,00:c1:b1:14:eb:31,192.168.10.14,51545,34.210.63.234,443,6,0.083765,2,1,1,120,60,60,11.938160,sSE,0.083765
b8:ac:6f:1d:1f:6c,18:66:da:9b:e3:7d,192.168.10.9,61080,192.168.10.3,53,17,0.000151,4,2,2,360,164,196,19867.548828,CON,0.000151
b8:ac:6f:1d:1f:6c,18:66:da:9b:e3:7d,192.168.10.9,53719,192.168.10.3,53,17,0.000152,4,2,2,352,160,192,19736.843750,CON,0.000152
b8:ac:6f:1d:1f:6c,18:66:da:9b:e3:7d,192.168.10.9,51147,192.168.10.3,53,17,0.000148,4,2,2,352,160,192,20270.269531,CON,0.000148
b8:ac:6f:1d:1f:6c,18:66:da:9b:e3:7d,192.168.10.9,64705,192.168.10.3,53,17,0.000182,4,2,2,352,160,192,16483.515625,CON,0.000182
00:23:ae:9b:8a:bf,00:c1:b1:14:eb:31,192.168.10.16,51712,52.84.145.133,443,6,0.021893,2,1,1,132,66,66,45.676701,sSE,0.021893
00:23:ae:9b:8a:bf,00:c1:b1:14:eb:31,192.168.10.16,59600,52.84.145.234,80,6,0.022173,2,1,1,132,66,66,45.099895,sSE,0.022173
00:23:ae:9b:8a:bf,00:c1:b1:14:eb:31,192.168.10.16,36240,151.101.45.108,80,6,0.031966,2,1,1,132,66,66,31.283237,sSE,0.031966
b8:ac:6f:1d:1f:6c,18:66:da:9b:e3:7d,192.168.10.9,50814,192.168.10.3,53,17,0.000007,4,2,2,368,168,200,428571.437500,CON,0.000007
b8:ac:6f:36:0b:a8,00:c1:b1:14:eb:31,192.168.10.51,49990,74.119.118.82,443,6,0.023259,2,1,1,132,66,66,42.994110,sSE,0.023259
b8:ac:6f:36:0b:a8,00:c1:b1:14:eb:31,192.168.10.51,43581,23.203.114.64,443,6,0.022927,2,1,1,132,66,66,43.616699,sSE,0.022927
b8:ac:6f:1d:1f:6c,18:66:da:9b:e3:7d,192.168.10.9,61335,192.168.10.3,53,17,0.000163,4,2,2,368,168,200,18404.908203,CON,0.000163
b8:ac:6f:1d:1f:6c,18:66:da:9b:e3:7d,192.168.10.9,55834,192.168.10.3,53,17,0.050084,4,2,2,392,168,224,59.899372,CON,0.050084
18:66:da:9b:e3:7d,00:c1:b1:14:eb:31,192.168.10.3,61867,192.168.10.1,53,17,0.049839,2,1,1,218,95,123,20.064608,CON,0.049839
b8:ac:6f:1d:1f:6c,18:66:da:9b:e3:7d,192.168.10.9,64680,192.168.10.3,53,17,0.048073,4,2,2,408,170,238,62.405090,CON,0.048073
18:66:da:9b:e3:7d,00:c1:b1:14:eb:31,192.168.10.3,61110,192.168.10.1,53,17,0.047882,2,1,1,226,96,130,20.884674,CON,0.047882
b8:ac:6f:36:04:e3,00:c1:b1:14:eb:31,192.168.10.12,55720,125.212.216.123,443,6,0.862725,9,5,4,1315,906,409,9.272943,sSE,0.862725
b8:ac:6f:1d:1f:6c,00:c1:b1:14:eb:31,192.168.10.9,62622,195.142.107.70,80,6,0.691878,7,4,3,1455,895,560,8.672049,sSE,0.691878
00:25:00:a8:c4:60,00:c1:b1:14:eb:31,192.168.10.25,49762,23.36.34.44,443,6,5.026940,13,6,7,5542,4206,1336,2.387138,sSE,5.026940
b8:ac:6f:36:0b:a8,00:c1:b1:14:eb:31,192.168.10.51,40815,172.217.12.174,443,6,0.036093,2,1,1,132,66,66,27.706203,sSE,0.036093
b8:ac:6f:1d:1f:6c,00:c1:b1:14:eb:31,192.168.10.9,62623,172.217.12.198,443,6,4.676900,66,24,42,50213,2774,47439,13.898095,sSE,4.676900
00:23:ae:9b:8a:bf,00:c1:b1:14:eb:31,192.168.10.16,58242,72.21.91.125,80,6,0.023693,2,1,1,132,66,66,42.206558,sSE,0.023693
00:23:ae:9b:8a:bf,00:c1:b1:14:eb:31,192.168.10.16,37666,52.84.145.106,443,6,0.022212,2,1,1,132,66,66,45.020710,sSE,0.022212
00:23:ae:9b:8a:bf,00:c1:b1:14:eb:31,192.168.10.16,42896,52.84.142.241,80,6,0.022227,2,1,1,132,66,66,44.990326,sSE,0.022227
b8:ac:6f:36:04:e3,00:c1:b1:14:eb:31,192.168.10.12,35570,52.84.143.243,443,6,0.021989,2,1,1,132,66,66,45.477287,sSE,0.021989
b8:ac:6f:36:04:e3,00:c1:b1:14:eb:31,192.168.10.12,35574,52.84.143.243,443,6,0.021991,2,1,1,132,66,66,45.473148,sSE,0.021991
b8:ac:6f:36:07:ee,00:c1:b1:14:eb:31,192.168.10.14,51546,52.84.140.31,443,6,0.022175,2,1,1,126,60,66,45.095829,sSE,0.022175
b8:ac:6f:36:07:ee,00:c1:b1:14:eb:31,192.168.10.14,51547,52.84.140.31,443,6,0.022176,2,1,1,126,60,66,45.093796,sSE,0.022176
b8:ac:6f:1d:1f:6c,00:c1:b1:14:eb:31,192.168.10.9,62624,172.217.12.198,443,6,4.780548,164,59,105,116220,6445,109775,34.096508,sSE,4.780548
b8:ac:6f:1d:1f:6c,00:c1:b1:14:eb:31,192.168.10.9,62625,172.217.10.130,443,6,4.718344,68,30,38,14580,6781,7799,14.199897,sSE,4.718344
b8:ac:6f:1d:1f:6c,18:66:da:9b:e3:7d,192.168.10.9,55768,192.168.10.3,53,17,0.108049,4,2,2,502,154,348,27.765181,CON,0.108049
18:66:da:9b:e3:7d,00:c1:b1:14:eb:31,192.168.10.3,60561,192.168.10.1,53,17,0.107590,2,1,1,273,88,185,9.294544,CON,0.107590
b8:ac:6f:1d:1f:6c,18:66:da:9b:e3:7d,192.168.10.9,64728,192.168.10.3,53,17,0.107848,4,2,2,502,154,348,27.816927,CON,0.107848
b8:ac:6f:36:0b:a8,00:c1:b1:14:eb:31,192.168.10.51,49727,173.194.66.155,443,6,0.048930,2,1,1,132,66,66,20.437359,sSE,0.048930
00:23:ae:9b:ad:b3,ff:ff:ff:ff:ff:ff,192.168.10.19,138,192.168.10.255,138,17,0.000119,26,26,0,7202,7202,0,210084.046875,INT,0.000119
b8:ac:6f:36:04:e3,00:23:ae:9b:ad:b3,192.168.10.12,137,192.168.10.19,137,17,0.000001,2,2,0,208,208,0,1000000.000000,INT,0.000001
00:23:ae:9b:ad:b3,ff:ff:ff:ff:ff:ff,192.168.10.19,137,192.168.10.255,137,17,0.000131,26,26,0,2392,2392,0,190839.703125,INT,0.000131
b8:ac:6f:36:04:e3,00:19:b9:0a:69:f1,192.168.10.12,137,192.168.10.50,137,17,0.000002,2,2,0,208,208,0,500000.000000,INT,0.000002
00:19:b9:0a:69:f1,ff:ff:ff:ff:ff:ff,192.168.10.50,137,192.168.10.255,137,17,0.000080,26,26,0,2392,2392,0,312500.000000,INT,0.000080
00:19:b9:0a:69:f1,ff:ff:ff:ff:ff:ff,192.168.10.50,138,192.168.10.255,138,17,0.000084,26,26,0,7254,7254,0,297619.062500,INT,0.000084
00:19:b9:0a:69:f1,00:c1:b1:14:eb:31,192.168.10.50,,192.168.10.1,,2054,0.000462,2,1,1,120,60,60,2164.502197,CON,0.000462
b8:ac:6f:1d:1f:6c,18:66:da:9b:e3:7d,192.168.10.9,55870,192.168.10.3,53,17,0.000153,4,2,2,360,164,196,19607.843750,CON,0.000153
b8:ac:6f:1d:1f:6c,18:66:da:9b:e3:7d,192.168.10.9,61910,192.168.10.3,53,17,0.000185,4,2,2,360,164,196,16216.216797,CON,0.000185
b8:ac:6f:36:0b:a8,00:c1:b1:14:eb:31,192.168.10.51,54621,172.217.10.66,443,6,0.036589,2,1,1,132,66,66,27.330618,sSE,0.036589
b8:ac:6f:1d:1f:6c,00:c1:b1:14:eb:31,192.168.10.9,62626,184.25.203.54,443,6,0.465991,8,4,4,1189,802,387,15.021749,sSE,0.465991
00:23:ae:9b:8a:bf,00:c1:b1:14:eb:31,192.168.10.16,58246,72.21.91.125,80,6,0.023801,2,1,1,132,66,66,42.015041,sSE,0.023801
00:23:ae:9b:8a:bf,00:c1:b1:14:eb:31,192.168.10.16,58240,72.21.91.125,80,6,0.023800,2,1,1,132,66,66,42.016808,sSE,0.023800
00:23:ae:9b:8a:bf,00:c1:b1:14:eb:31,192.168.10.16,58258,72.21.91.125,80,6,0.023800,2,1,1,132,66,66,42.016808,sSE,0.023800
00:23:ae:9b:8a:bf,00:c1:b1:14:eb:31,192.168.10.16,58248,72.21.91.125,80,6,0.023607,2,1,1,132,66,66,42.360317,sSE,0.023607
00:23:ae:9b:8a:bf,00:c1:b1:14:eb:31,192.168.10.16,58264,72.21.91.125,80,6,0.023801,2,1,1,132,66,66,42.015041,sSE,0.023801
00:23:ae:9b:8a:bf,00:c1:b1:14:eb:31,192.168.10.16,58252,72.21.91.125,80,6,0.023599,2,1,1,132,66,66,42.374676,sSE,0.023599
00:23:ae:9b:8a:bf,00:c1:b1:14:eb:31,192.168.10.16,58254,72.21.91.125,80,6,0.023799,2,1,1,132,66,66,42.018570,sSE,0.023799
00:23:ae:9b:8a:bf,00:c1:b1:14:eb:31,192.168.10.16,58256,72.21.91.125,80,6,0.023787,2,1,1,132,66,66,42.039772,sSE,0.023787
00:23:ae:9b:8a:bf,00:c1:b1:14:eb:31,192.168.10.16,58262,72.21.91.125,80,6,0.023792,2,1,1,132,66,66,42.030933,sSE,0.023792
70:6e:6d:1d:bb:07,01:00:0c:cc:cc:cc,01:00:0c:cc:cc:cc,170,70:6e:6d:1d:bb:07,170,0,0.000000,1,1,0,457,457,0,0.000000,INT,0.000000
00:1e:4f:d4:ca:28,00:c1:b1:14:eb:31,192.168.10.15,49942,157.240.18.19,443,6,0.093615,3,2,1,260,160,100,21.364098,sSE,0.093615
b8:ac:6f:36:0b:a8,00:c1:b1:14:eb:31,192.168.10.51,54622,172.217.10.66,443,6,0.036810,2,1,1,132,66,66,27.166531,sSE,0.036810
b8:ac:6f:36:0b:a8,00:c1:b1:14:eb:31,192.168.10.51,54624,172.217.10.66,443,6,0.036549,2,1,1,132,66,66,27.360531,sSE,0.036549
b8:ac:6f:36:04:e3,00:c1:b1:14:eb:31,192.168.10.12,49106,172.217.12.202,80,6,0.036392,2,1,1,132,66,66,27.478567,sSE,0.036392
b8:ac:6f:36:04:e3,00:c1:b1:14:eb:31,192.168.10.12,45256,172.217.9.238,80,6,0.036840,2,1,1,132,66,66,27.144409,sSE,0.036840
00:23:ae:9b:95:67,00:c1:b1:14:eb:31,192.168.10.17,123,184.105.182.7,123,17,0.080798,2,1,1,180,90,90,12.376544,CON,0.080798
b8:ac:6f:1d:1f:6c,18:66:da:9b:e3:7d,192.168.10.9,63596,192.168.10.3,53,17,0.000016,4,2,2,424,174,250,187500.000000,CON,0.000016
b8:ac:6f:1d:1f:6c,18:66:da:9b:e3:7d,192.168.10.9,52658,192.168.10.3,53,17,0.000182,4,2,2,424,174,250,16483.515625,CON,0.000182
b8:ac:6f:1d:1f:6c,18:66:da:9b:e3:7d,192.168.10.9,63184,192.168.10.3,53,17,0.000226,4,2,2,392,142,250,13274.335938,CON,0.000226
b8:ac:6f:36:0b:a8,00:c1:b1:14:eb:31,192.168.10.51,56496,172.217.7.3,443,6,0.036387,2,1,1,132,66,66,27.482342,sSE,0.036387
b8:ac:6f:1d:1f:6c,18:66:da:9b:e3:7d,192.168.10.9,60141,192.168.10.3,53,17,0.000161,4,2,2,356,162,194,18633.539062,CON,0.000161
b8:ac:6f:1d:1f:6c,18:66:da:9b:e3:7d,192.168.10.9,50982,192.168.10.3,53,17,0.000127,4,2,2,356,162,194,23622.046875,CON,0.000127
b8:ac:6f:36:0b:a8,00:c1:b1:14:eb:31,192.168.10.51,42269,176.34.130.43,443,6,0.104326,5,3,2,361,198,163,38.341351,sSEfF,0.104326
b8:ac:6f:1d:1f:6c,00:c1:b1:14:eb:31,192.168.10.9,62627,184.25.203.54,443,6,0.193269,8,4,4,1189,802,387,36.218948,sSE,0.193269
b8:ac:6f:1d:1f:6c,00:c1:b1:14:eb:31,192.168.10.9,62628,172.217.12.198,443,6,0.195444,16,9,7,1849,1012,837,76.748329,sSER,0.195444
b8:ac:6f:1d:1f:6c,00:c1:b1:14:eb:31,192.168.10.9,62629,172.217.12.198,443,6,0.289591,45,18,27,29224,1817,27407,151.938416,sSE,0.289591
b8:ac:6f:36:04:e3,00:c1:b1:14:eb:31,192.168.10.12,34654,92.45.106.102,80,6,0.153436,2,1,1,120,60,60,6.517375,sSE,0.153436
b8:ac:6f:36:0b:a8,00:c1:b1:14:eb:31,192.168.10.51,54623,172.217.10.66,443,6,0.036549,2,1,1,132,66,66,27.360531,sSE,0.036549
00:1e:4f:d4:ca:28,00:c1:b1:14:eb:31,192.168.10.15,49966,72.21.215.147,443,6,0.050343,5,3,2,331,211,120,79.454941,sSEfF,0.050343
b8:ac:6f:36:04:e3,00:c1:b1:14:eb:31,192.168.10.12,34704,92.45.106.102,80,6,0.153844,2,1,1,120,60,60,6.500091,sSE,0.153844
b8:ac:6f:36:04:e3,00:c1:b1:14:eb:31,192.168.10.12,34696,92.45.106.102,80,6,0.148441,2,1,1,120,60,60,6.736683,sSE,0.148441
00:23:ae:9b:8a:bf,00:c1:b1:14:eb:31,192.168.10.16,56034,52.84.145.166,443,6,0.022149,2,1,1,132,66,66,45.148766,sSE,0.022149
00:23:ae:9b:8a:bf,00:c1:b1:14:eb:31,192.168.10.16,42358,172.217.9.226,80,6,0.036387,2,1,1,132,66,66,27.482342,sSE,0.036387
b8:ac:6f:36:04:e3,00:c1:b1:14:eb:31,192.168.10.12,34690,92.45.106.102,80,6,0.148641,2,1,1,120,60,60,6.727619,sSE,0.148641
b8:ac:6f:36:07:ee,00:c1:b1:14:eb:31,192.168.10.14,51452,172.217.7.3,443,6,0.094115,3,2,1,260,160,100,21.250599,E,0.094115
18:66:da:9b:e3:7d,00:19:b9:0a:69:f1,192.168.10.3,,192.168.10.50,,2054,0.000008,4,2,2,240,120,120,375000.000000,CON,0.000008
b8:ac:6f:36:04:e3,00:c1:b1:14:eb:31,192.168.10.12,47944,104.19.194.102,80,6,0.015262,2,1,1,120,60,60,65.522209,sSE,0.015262
00:23:ae:9b:8a:bf,00:c1:b1:14:eb:31,192.168.10.16,40556,104.16.163.13,80,6,0.014791,2,1,1,120,60,60,67.608681,sSE,0.014791
00:23:ae:9b:8a:bf,00:c1:b1:14:eb:31,192.168.10.16,58238,72.21.91.125,80,6,0.023729,2,1,1,132,66,66,42.142525,sSE,0.023729
00:23:ae:9b:8a:bf,00:c1:b1:14:eb:31,192.168.10.16,40558,104.16.163.13,80,6,0.015071,2,1,1,120,60,60,66.352600,sSE,0.015071
b8:ac:6f:36:04:e3,00:c1:b1:14:eb:31,192.168.10.12,46832,23.15.4.11,80,6,0.015092,2,1,1,132,66,66,66.260269,sSE,0.015092
b8:ac:6f:36:04:e3,00:c1:b1:14:eb:31,192.168.10.12,39680,37.187.168.211,80,6,0.533395,8,4,4,522,264,258,13.123483,sSEfF,0.533395
b8:ac:6f:36:0b:a8,00:c1:b1:14:eb:31,192.168.10.51,59521,172.217.12.202,443,6,0.036804,2,1,1,132,66,66,27.170958,sSE,0.036804
b8:ac:6f:36:04:e3,00:c1:b1:14:eb:31,192.168.10.12,45982,157.240.2.35,443,6,0.481076,104,59,45,62360,5180,57180,214.103378,E,0.481076
b8:ac:6f:36:0a:8b,00:c1:b1:14:eb:31,192.168.10.5,51780,52.15.54.115,443,6,4.980192,4,2,2,265,120,145,0.602386,sSEfF,4.980192
b8:ac:6f:36:0a:8b,00:c1:b1:14:eb:31,192.168.10.5,51779,52.15.54.115,443,6,4.980379,4,2,2,265,120,145,0.602364,sSEfF,4.980379
b8:ac:6f:36:0a:8b,00:c1:b1:14:eb:31,192.168.10.5,51777,52.15.54.115,443,6,4.980750,4,2,2,265,120,145,0.602319,sSEfF,4.980750
00:19:b9:0a:69:f1,18:66:da:9b:e3:7d,192.168.10.50,,192.168.10.3,,2054,0.000007,4,2,2,240,120,120,428571.437500,CON,0.000007
b8:ac:6f:36:04:e3,00:c1:b1:14:eb:31,192.168.10.12,39684,37.187.168.211,80,6,0.404255,8,4,4,522,264,258,17.315804,sSEfF,0.404255
b8:ac:6f:36:0b:a8,00:c1:b1:14:eb:31,192.168.10.51,35956,184.31.6.135,443,6,0.028527,2,1,1,132,66,66,35.054508,sSE,0.028527
b8:ac:6f:36:04:e3,00:c1:b1:14:eb:31,192.168.10.12,52574,172.217.9.226,80,6,0.036970,2,1,1,132,66,66,27.048958,sSE,0.036970
b8:ac:6f:36:04:e3,00:c1:b1:14:eb:31,192.168.10.12,39682,37.187.168.211,80,6,0.385078,8,4,4,522,264,258,18.178135,sSEfF,0.385078
b8:ac:6f:36:04:e3,00:c1:b1:14:eb:31,192.168.10.12,51830,85.111.71.113,80,6,0.149182,2,1,1,120,60,60,6.703221,sSE,0.149182
b8:ac:6f:36:0b:a8,00:c1:b1:14:eb:31,192.168.10.51,35957,184.31.6.135,443,6,0.028829,2,1,1,132,66,66,34.687294,sSE,0.028829
b8:ac:6f:36:0b:a8,00:c1:b1:14:eb:31,192.168.10.51,59522,172.217.12.202,443,6,0.036602,2,1,1,132,66,66,27.320910,sSE,0.036602
b8:ac:6f:1d:1f:6c,18:66:da:9b:e3:7d,192.168.10.9,62728,192.168.10.3,53,17,0.023964,4,2,2,576,160,416,125.187775,CON,0.023964
18:66:da:9b:e3:7d,00:c1:b1:14:eb:31,192.168.10.3,61670,192.168.10.1,53,17,0.023722,2,1,1,310,91,219,42.154961,CON,0.023722
b8:ac:6f:1d:1f:6c,00:c1:b1:14:eb:31,192.168.10.9,62630,52.20.96.67,443,6,0.412764,12,7,5,2581,737,1844,26.649611,sSE,0.412764
b8:ac:6f:36:04:e3,00:c1:b1:14:eb:31,192.168.10.12,50260,92.45.106.166,80,6,0.148293,2,1,1,120,60,60,6.743406,sSE,0.148293
b8:ac:6f:1d:1f:6c,18:66:da:9b:e3:7d,192.168.10.9,55193,192.168.10.3,53,17,0.046823,4,2,2,738,160,578,64.071075,CON,0.046823
b8:ac:6f:1d:1f:6c,18:66:da:9b:e3:7d,192.168.10.9,57208,192.168.10.3,53,17,0.000141,4,2,2,398,160,238,21276.595703,CON,0.000141
18:66:da:9b:e3:7d,00:c1:b1:14:eb:31,192.168.10.3,60167,192.168.10.1,53,17,0.046341,2,1,1,391,91,300,21.579165,CON,0.046341
b8:ac:6f:36:07:ee,00:c1:b1:14:eb:31,192.168.10.14,51532,52.11.164.190,443,6,0.084687,2,1,1,126,60,66,11.808187,sSE,0.084687
b8:ac:6f:36:0b:a8,00:c1:b1:14:eb:31,192.168.10.51,34248,172.217.10.33,443,6,0.036100,2,1,1,132,66,66,27.700830,sSE,0.036100
00:1e:4f:d4:ca:28,00:c1:b1:14:eb:31,192.168.10.15,49933,157.240.2.35,443,6,0.093521,3,2,1,260,160,100,21.385571,sSE,0.093521
00:1e:4f:d4:ca:28,00:c1:b1:14:eb:31,192.168.10.15,49961,52.84.64.233,443,6,0.093522,3,2,1,260,160,100,21.385344,sSE,0.093522
b8:ac:6f:1d:1f:6c,00:c1:b1:14:eb:31,192.168.10.9,62631,52.5.69.164,443,6,0.663606,13,8,5,3633,1250,2383,18.083019,sSE,0.663606
b8:ac:6f:1d:1f:6c,00:c1:b1:14:eb:31,192.168.10.9,62632,52.5.69.164,443,6,0.416030,11,6,5,2533,683,1850,24.036728,sSE,0.416030
b8:ac:6f:1d:1f:6c,18:66:da:9b:e3:7d,192.168.10.9,52293,192.168.10.3,53,17,0.000218,4,2,2,776,260,516,13761.467773,CON,0.000218
b8:ac:6f:1d:1f:6c,18:66:da:9b:e3:7d,192.168.10.9,54552,192.168.10.3,53,17,0.048513,4,2,2,684,260,424,61.839096,CON,0.048513
18:66:da:9b:e3:7d,00:c1:b1:14:eb:31,192.168.10.3,61772,192.168.10.1,53,17,0.048113,2,1,1,364,141,223,20.784403,CON,0.048113
b8:ac:6f:36:0b:a8,00:c1:b1:14:eb:31,192.168.10.51,37657,172.217.9.226,443,6,0.036947,2,1,1,132,66,66,27.065796,sSE,0.036947
b8:ac:6f:36:0b:a8,00:c1:b1:14:eb:31,192.168.10.51,34250,172.217.10.33,443,6,0.036941,2,1,1,132,66,66,27.070194,sSE,0.036941
b8:ac:6f:36:0b:a8,00:c1:b1:14:eb:31,192.168.10.51,48870,52.40.231.132,443,6,0.084299,2,1,1,132,66,66,11.862537,sSE,0.084299
b8:ac:6f:1d:1f:6c,18:66:da:9b:e3:7d,192.168.10.9,53393,192.168.10.3,53,17,0.061406,4,2,2,418,152,266,48.855160,CON,0.061406
18:66:da:9b:e3:7d,00:c1:b1:14:eb:31,192.168.10.3,60507,192.168.10.1,53,17,0.060891,2,1,1,212,98,114,16.422789,CON,0.060891
b8:ac:6f:1d:1f:6c,18:66:da:9b:e3:7d,192.168.10.9,63455,192.168.10.3,53,17,0.060933,4,2,2,418,152,266,49.234406,CON,0.060933
00:23:ae:9b:8a:bf,00:c1:b1:14:eb:31,192.168.10.16,40840,74.119.118.67,80,6,0.022874,2,1,1,132,66,66,43.717758,sSE,0.022874
00:23:ae:9b:8a:bf,00:c1:b1:14:eb:31,192.168.10.16,56572,52.4.58.129,80,6,0.050413,2,1,1,132,66,66,19.836153,sSE,0.050413
00:23:ae:9b:8a:bf,00:c1:b1:14:eb:31,192.168.10.16,57104,52.2.144.140,80,6,0.050415,2,1,1,132,66,66,19.835365,sSE,0.050415
00:23:ae:9b:8a:bf,00:c1:b1:14:eb:31,192.168.10.16,56570,52.4.58.129,80,6,0.051087,2,1,1,132,66,66,19.574451,sSE,0.051087
00:23:ae:9b:8a:bf,00:c1:b1:14:eb:31,192.168.10.16,34018,184.72.61.238,80,6,0.086889,2,1,1,132,66,66,11.508937,sSE,0.086889
00:23:ae:9b:8a:bf,00:c1:b1:14:eb:31,192.168.10.16,55376,23.15.4.11,80,6,0.015026,2,1,1,132,66,66,66.551308,sSE,0.015026
00:23:ae:9b:8a:bf,00:c1:b1:14:eb:31,192.168.10.16,57106,52.2.144.140,80,6,0.050621,2,1,1,132,66,66,19.754648,sSE,0.050621
b8:ac:6f:36:04:e3,00:c1:b1:14:eb:31,192.168.10.12,59456,92.45.106.142,80,6,0.148364,3,2,1,180,120,60,13.480360,sSEf,0.148364
b8:ac:6f:36:04:e3,00:c1:b1:14:eb:31,192.168.10.12,59460,92.45.106.142,80,6,0.148751,3,2,1,180,120,60,13.445288,sSEf,0.148751
b8:ac:6f:1d:1f:6c,00:c1:b1:14:eb:31,192.168.10.9,62586,195.142.107.70,443,6,2.198304,8,4,4,3036,1966,1070,3.184273,sSE,2.198304
b8:ac:6f:1d:1f:6c,00:c1:b1:14:eb:31,192.168.10.9,62587,23.36.34.44,443,6,0.028784,6,3,3,410,205,205,173.707626,sSEfFR,0.028784
b8:ac:6f:1d:1f:6c,00:c1:b1:14:eb:31,192.168.10.9,62582,69.172.216.111,443,6,0.023675,5,3,2,325,205,120,168.954590,sSEfF,0.023675
b8:ac:6f:1d:1f:6c,00:c1:b1:14:eb:31,192.168.10.9,62633,72.167.18.239,80,6,0.286030,9,5,4,973,727,246,27.969095,sSEfF,0.286030
b8:ac:6f:1d:1f:6c,18:66:da:9b:e3:7d,192.168.10.9,53859,192.168.10.3,53,17,0.000211,4,2,2,380,174,206,14218.008789,CON,0.000211
b8:ac:6f:1d:1f:6c,00:c1:b1:14:eb:31,192.168.10.9,62634,72.167.18.239,80,6,0.285238,9,5,4,973,727,246,28.046755,sSEfF,0.285238
b8:ac:6f:1d:1f:6c,00:c1:b1:14:eb:31,192.168.10.9,62635,72.167.18.239,80,6,0.082514,3,2,1,192,126,66,24.238310,sSE,0.082514
b8:ac:6f:1d:1f:6c,00:c1:b1:14:eb:31,192.168.10.9,62636,72.167.18.239,80,6,0.089455,3,2,1,192,126,66,22.357609,sSE,0.089455
b8:ac:6f:1d:1f:6c,18:66:da:9b:e3:7d,192.168.10.9,52707,192.168.10.3,53,17,0.000303,4,2,2,418,152,266,9900.990234,CON,0.000303
b8:ac:6f:1d:1f:6c,18:66:da:9b:e3:7d,192.168.10.9,58733,192.168.10.3,53,17,0.048671,4,2,2,442,168,274,61.638348,CON,0.048671
18:66:da:9b:e3:7d,00:c1:b1:14:eb:31,192.168.10.3,61209,192.168.10.1,53,17,0.048273,2,1,1,243,95,148,20.715513,CON,0.048273
b8:ac:6f:1d:1f:6c,18:66:da:9b:e3:7d,192.168.10.9,63899,192.168.10.3,53,17,0.060940,4,2,2,442,168,274,49.228748,CON,0.060940
18:66:da:9b:e3:7d,00:c1:b1:14:eb:31,192.168.10.3,61411,192.168.10.1,53,17,0.060589,2,1,1,243,95,148,16.504646,CON,0.060589
b8:ac:6f:36:0a:8b,00:c1:b1:14:eb:31,192.168.10.5,51315,199.59.148.12,443,6,0.087117,2,1,1,126,60,66,11.478816,E,0.087117
b8:ac:6f:36:04:e3,18:66:da:9b:e3:7d,192.168.10.12,10483,192.168.10.3,53,17,0.416325,4,2,2,582,146,436,7.205909,CON,0.416325
b8:ac:6f:36:04:e3,18:66:da:9b:e3:7d,192.168.10.12,25452,192.168.10.3,53,17,0.108052,4,2,2,636,146,490,27.764410,CON,0.108052
b8:ac:6f:36:04:e3,18:66:da:9b:e3:7d,192.168.10.12,24880,192.168.10.3,53,17,0.000348,4,2,2,398,148,250,8620.689453,CON,0.000348
b8:ac:6f:36:04:e3,18:66:da:9b:e3:7d,192.168.10.12,59805,192.168.10.3,53,17,0.094174,4,2,2,366,148,218,31.855927,CON,0.094174
18:66:da:9b:e3:7d,00:c1:b1:14:eb:31,192.168.10.3,60896,192.168.10.1,53,17,0.415919,2,1,1,313,84,229,2.404314,CON,0.415919
b8:ac:6f:36:04:e3,00:c1:b1:14:eb:31,192.168.10.12,41466,172.217.6.193,80,6,0.036897,3,2,1,214,140,74,54.204948,sSE,0.036897
18:66:da:9b:e3:7d,00:c1:b1:14:eb:31,192.168.10.3,62357,192.168.10.1,53,17,0.107556,2,1,1,340,84,256,9.297482,CON,0.107556
18:66:da:9b:e3:7d,00:c1:b1:14:eb:31,192.168.10.3,61880,192.168.10.1,53,17,0.093863,2,1,1,250,92,158,10.653825,CON,0.093863
b8:ac:6f:36:04:e3,18:66:da:9b:e3:7d,192.168.10.12,25705,192.168.10.3,53,17,0.000212,4,2,2,364,150,214,14150.943359,CON,0.000212
b8:ac:6f:36:04:e3,18:66:da:9b:e3:7d,192.168.10.12,30666,192.168.10.3,53,17,0.000222,4,2,2,412,150,262,13513.513672,CON,0.000222
b8:ac:6f:36:04:e3,18:66:da:9b:e3:7d,192.168.10.12,43558,192.168.10.3,53,17,0.000197,4,2,2,404,150,254,15228.426758,CON,0.000197
b8:ac:6f:36:04:e3,18:66:da:9b:e3:7d,192.168.10.12,47250,192.168.10.3,53,17,0.093542,4,2,2,372,150,222,32.071156,CON,0.093542
18:66:da:9b:e3:7d,00:c1:b1:14:eb:31,192.168.10.3,61171,192.168.10.1,53,17,0.093124,2,1,1,252,93,159,10.738370,CON,0.093124
00:1e:4f:d4:ca:28,00:c1:b1:14:eb:31,192.168.10.15,49937,72.21.91.29,80,6,0.023707,3,2,1,180,120,60,84.363266,sSEfF,0.023707
b8:ac:6f:36:04:e3,00:c1:b1:14:eb:31,192.168.10.12,50262,92.45.106.166,80,6,0.153617,2,1,1,120,60,60,6.509696,sSE,0.153617
b8:ac:6f:36:04:e3,00:c1:b1:14:eb:31,192.168.10.12,39092,23.15.4.9,80,6,0.014976,2,1,1,132,66,66,66.773506,sSE,0.014976
b8:ac:6f:36:04:e3,00:c1:b1:14:eb:31,192.168.10.12,39090,23.15.4.9,80,6,0.014977,2,1,1,132,66,66,66.769051,sSE,0.014977
b8:ac:6f:36:04:e3,00:c1:b1:14:eb:31,192.168.10.12,39084,23.15.4.9,80,6,0.015197,2,1,1,132,66,66,65.802460,sSE,0.015197
00:23:ae:9b:8a:bf,00:c1:b1:14:eb:31,192.168.10.16,43534,204.13.197.86,443,6,0.032177,2,1,1,132,66,66,31.078098,sSE,0.032177
00:23:ae:9b:8a:bf,00:c1:b1:14:eb:31,192.168.10.16,58380,204.79.197.200,80,6,0.021936,2,1,1,132,66,66,45.587162,sSE,0.021936
00:23:ae:9b:8a:bf,00:c1:b1:14:eb:31,192.168.10.16,36768,216.200.232.14,80,6,0.034952,2,1,1,132,66,66,28.610666,sSE,0.034952
00:23:ae:9b:8a:bf,00:c1:b1:14:eb:31,192.168.10.16,35358,34.204.162.61,80,6,0.050412,2,1,1,132,66,66,19.836548,sSE,0.050412
00:23:ae:9b:8a:bf,00:c1:b1:14:eb:31,192.168.10.16,54890,74.119.118.94,80,6,0.023213,2,1,1,132,66,66,43.079311,sSE,0.023213
b8:ac:6f:36:0a:8b,00:c1:b1:14:eb:31,192.168.10.5,51316,199.59.150.10,443,6,0.087614,2,1,1,126,60,66,11.413701,E,0.087614
b8:ac:6f:36:04:e3,18:66:da:9b:e3:7d,192.168.10.12,40452,192.168.10.3,53,17,0.000211,4,2,2,388,162,226,14218.008789,CON,0.000211
b8:ac:6f:36:04:e3,18:66:da:9b:e3:7d,192.168.10.12,21238,192.168.10.3,53,17,0.000211,4,2,2,436,162,274,14218.008789,CON,0.000211
b8:ac:6f:36:04:e3,18:66:da:9b:e3:7d,192.168.10.12,35108,192.168.10.3,53,17,0.000209,4,2,2,388,162,226,14354.066406,CON,0.000209
b8:ac:6f:36:04:e3,18:66:da:9b:e3:7d,192.168.10.12,4287,192.168.10.3,53,17,0.000306,4,2,2,436,162,274,9803.921875,CON,0.000306
b8:ac:6f:36:04:e3,18:66:da:9b:e3:7d,192.168.10.12,43204,192.168.10.3,53,17,0.000207,4,2,2,348,142,206,14492.752930,CON,0.000207
b8:ac:6f:36:04:e3,18:66:da:9b:e3:7d,192.168.10.12,17902,192.168.10.3,53,17,0.023943,4,2,2,404,142,262,125.297585,CON,0.023943
b8:ac:6f:36:04:e3,18:66:da:9b:e3:7d,192.168.10.12,37234,192.168.10.3,53,17,0.159949,4,2,2,416,154,262,18.755978,CON,0.159949
b8:ac:6f:36:04:e3,18:66:da:9b:e3:7d,192.168.10.12,22804,192.168.10.3,53,17,0.133936,4,2,2,440,154,286,22.398758,CON,0.133936
18:66:da:9b:e3:7d,00:c1:b1:14:eb:31,192.168.10.3,60647,192.168.10.1,53,17,0.023726,2,1,1,224,82,142,42.147854,CON,0.023726
18:66:da:9b:e3:7d,00:c1:b1:14:eb:31,192.168.10.3,60854,192.168.10.1,53,17,0.133447,2,1,1,242,88,154,7.493611,CON,0.133447
18:66:da:9b:e3:7d,00:c1:b1:14:eb:31,192.168.10.3,60936,192.168.10.1,53,17,0.159517,2,1,1,230,88,142,6.268924,CON,0.159517
00:1e:4f:d4:ca:28,18:66:da:9b:e3:7d,192.168.10.15,53923,192.168.10.3,53,17,0.000240,4,2,2,488,148,340,12500.000000,CON,0.000240
00:1e:4f:d4:ca:28,18:66:da:9b:e3:7d,192.168.10.15,53777,192.168.10.3,53,17,0.000169,4,2,2,488,148,340,17751.478516,CON,0.000169
00:1e:4f:d4:ca:28,18:66:da:9b:e3:7d,192.168.10.15,53610,192.168.10.3,53,17,0.000207,4,2,2,364,166,198,14492.752930,CON,0.000207
00:1e:4f:d4:ca:28,00:c1:b1:14:eb:31,192.168.10.15,49863,23.208.218.66,443,6,0.000000,4,1,3,672,60,612,0.000000,E,0.000000
b8:ac:6f:1d:1f:6c,18:66:da:9b:e3:7d,192.168.10.9,61814,192.168.10.3,53,17,0.048791,4,2,2,758,170,588,61.486752,CON,0.048791
18:66:da:9b:e3:7d,00:c1:b1:14:eb:31,192.168.10.3,60836,192.168.10.1,53,17,0.048261,2,1,1,401,96,305,20.720663,CON,0.048261
b8:ac:6f:1d:1f:6c,00:c1:b1:14:eb:31,192.168.10.9,62637,52.20.62.116,443,6,0.168466,12,7,5,3654,1330,2324,65.295074,sSE,0.168466
b8:ac:6f:36:04:e3,00:c1:b1:14:eb:31,192.168.10.12,39086,23.15.4.9,80,6,0.015028,2,1,1,132,66,66,66.542458,sSE,0.015028
00:23:ae:9b:8a:bf,00:c1:b1:14:eb:31,192.168.10.16,40582,69.169.86.38,80,6,0.022750,2,1,1,132,66,66,43.956043,sSE,0.022750
00:23:ae:9b:8a:bf,00:c1:b1:14:eb:31,192.168.10.16,60400,161.170.236.122,80,6,0.062466,2,1,1,120,60,60,16.008709,sSE,0.062466
00:23:ae:9b:8a:bf,00:c1:b1:14:eb:31,192.168.10.16,43568,204.13.197.86,443,6,0.032230,2,1,1,132,66,66,31.026993,sSE,0.032230
b8:ac:6f:36:0a:8b,00:c1:b1:14:eb:31,192.168.10.5,51781,52.15.54.115,443,6,4.980928,4,2,2,265,120,145,0.602297,sSEfF,4.980928
b8:ac:6f:36:0a:8b,00:c1:b1:14:eb:31,192.168.10.5,51776,52.15.54.115,443,6,4.980984,4,2,2,265,120,145,0.602291,sSEfF,4.980984
b8:ac:6f:1d:1f:6c,00:c1:b1:14:eb:31,192.168.10.9,62638,37.187.168.211,443,6,0.599408,10,6,4,2193,1457,736,15.014815,sSE,0.599408
b8:ac:6f:1d:1f:6c,18:66:da:9b:e3:7d,192.168.10.9,59724,192.168.10.3,53,17,0.023749,4,2,2,536,168,368,126.321114,CON,0.023749
b8:ac:6f:1d:1f:6c,18:66:da:9b:e3:7d,192.168.10.9,61858,192.168.10.3,53,17,0.023548,4,2,2,536,168,368,127.399361,CON,0.023548
18:66:da:9b:e3:7d,00:c1:b1:14:eb:31,192.168.10.3,61602,192.168.10.1,53,17,0.023350,2,1,1,204,94,110,42.826553,CON,0.023350
b8:ac:6f:1d:1f:6c,18:66:da:9b:e3:7d,192.168.10.9,53669,192.168.10.3,53,17,0.000190,4,2,2,440,156,284,15789.473633,CON,0.000190
b8:ac:6f:1d:1f:6c,18:66:da:9b:e3:7d,192.168.10.9,62334,192.168.10.3,53,17,0.000190,4,2,2,456,168,288,15789.473633,CON,0.000190
b8:ac:6f:1d:1f:6c,18:66:da:9b:e3:7d,192.168.10.9,54858,192.168.10.3,53,17,0.000264,4,2,2,456,168,288,11363.636719,CON,0.000264
b8:ac:6f:1d:1f:6c,18:66:da:9b:e3:7d,192.168.10.9,58426,192.168.10.3,53,17,0.000167,4,2,2,440,156,284,17964.070312,CON,0.000167
b8:ac:6f:1d:1f:6c,00:c1:b1:14:eb:31,192.168.10.9,62639,172.217.12.174,443,6,0.305358,31,15,16,5019,2652,2367,98.245338,sSE,0.305358
b8:ac:6f:1d:1f:6c,18:66:da:9b:e3:7d,192.168.10.9,65450,192.168.10.3,53,17,0.000209,4,2,2,456,168,288,14354.066406,CON,0.000209
b8:ac:6f:1d:1f:6c,18:66:da:9b:e3:7d,192.168.10.9,55115,192.168.10.3,53,17,0.000192,4,2,2,404,186,218,15624.999023,CON,0.000192
b8:ac:6f:1d:1f:6c,18:66:da:9b:e3:7d,192.168.10.9,53945,192.168.10.3,53,17,0.000159,4,2,2,404,186,218,18867.923828,CON,0.000159
b8:ac:6f:1d:1f:6c,18:66:da:9b:e3:7d,192.168.10.9,60816,192.168.10.3,53,17,0.000188,4,2,2,428,186,242,15957.446289,CON,0.000188
b8:ac:6f:1d:1f:6c,18:66:da:9b:e3:7d,192.168.10.9,63475,192.168.10.3,53,17,0.000170,4,2,2,536,168,368,17647.058594,CON,0.000170
b8:ac:6f:1d:1f:6c,00:c1:b1:14:eb:31,192.168.10.9,62640,184.31.6.135,443,6,0.449051,19,9,10,9328,1835,7493,40.084534,sSE,0.449051
b8:ac:6f:1d:1f:6c,18:66:da:9b:e3:7d,192.168.10.9,60022,192.168.10.3,53,17,0.000140,4,2,2,364,166,198,21428.570312,CON,0.000140
b8:ac:6f:1d:1f:6c,18:66:da:9b:e3:7d,192.168.10.9,54783,192.168.10.3,53,17,0.000197,4,2,2,364,166,198,15228.426758,CON,0.000197
b8:ac:6f:36:0b:a8,00:c1:b1:14:eb:31,192.168.10.51,34260,172.217.10.33,443,6,0.036351,2,1,1,132,66,66,27.509560,sSE,0.036351
b8:ac:6f:1d:1f:6c,00:c1:b1:14:eb:31,192.168.10.9,62641,184.31.6.135,443,6,0.319464,13,6,7,6245,681,5564,37.562920,sSE,0.319464
b8:ac:6f:1d:1f:6c,00:c1:b1:14:eb:31,192.168.10.9,62642,37.187.168.211,443,6,0.749547,10,6,4,3025,1777,1248,12.007253,sSE,0.749547
