SrcMac,DstMac,SrcAddr,Sport,DstAddr,Dport,Proto,Mean,TotPkts,SrcPkts,DstPkts,TotBytes,SrcBytes,DstBytes,Rate,State,Dur
b8:ac:6f:1d:1f:6c,00:c1:b1:14:eb:31,192.168.10.9,63317,204.154.111.111,80,6,5.065528,5,3,2,514,186,328,0.789651,sSEfF,5.065528
b8:ac:6f:1d:1f:6c,00:c1:b1:14:eb:31,192.168.10.9,62990,52.84.145.117,443,6,4.933230,7,4,3,451,265,186,1.216242,sSEfF,4.933230
b8:ac:6f:1d:1f:6c,00:c1:b1:14:eb:31,192.168.10.9,63338,95.154.251.155,80,6,4.648414,8,5,3,1354,761,593,1.505890,sSEfFR,4.648414
b8:ac:6f:36:04:e3,00:c1:b1:14:eb:31,192.168.10.12,57880,23.208.164.222,443,6,4.991024,33,17,16,25394,1236,24158,6.411510,sSE,4.991024
b8:ac:6f:1d:1f:6c,00:c1:b1:14:eb:31,192.168.10.9,63356,204.44.79.6,80,6,4.069864,13,7,6,1785,823,962,2.948502,sSEfF,4.069864
b8:ac:6f:1d:1f:6c,00:c1:b1:14:eb:31,192.168.10.9,63357,204.44.79.6,80,6,2.523818,13,7,6,2004,756,1248,4.754701,sSEfF,2.523818
b8:ac:6f:1d:1f:6c,00:c1:b1:14:eb:31,192.168.10.9,63361,173.239.42.221,443,6,3.184926,16,9,7,5655,1277,4378,4.709685,sSE,3.184926
b8:ac:6f:1d:1f:6c,00:c1:b1:14:eb:31,192.168.10.9,63366,198.51.152.183,80,6,3.413375,11,6,5,3332,1242,2090,2.929652,sSE,3.413375
b8:ac:6f:1d:1f:6c,00:c1:b1:14:eb:31,192.168.10.9,62875,172.217.10.130,80,6,2.600274,6,2,4,2114,120,1994,1.922874,sSE,2.600274
b8:ac:6f:1d:1f:6c,00:c1:b1:14:eb:31,192.168.10.9,63108,129.146.14.101,80,6,4.439696,12,7,5,4520,1954,2566,2.477647,sSE,4.439696
00:23:ae:9b:ad:b3,18:66:da:9b:e3:7d,192.168.10.19,33892,192.168.10.3,53,17,4.045116,4,2,2,276,138,138,0.741635,CON,4.045116
00:23:ae:9b:ad:b3,18:66:da:9b:e3:7d,192.168.10.19,51862,192.168.10.3,53,17,4.044942,4,2,2,276,138,138,0.741667,CON,4.044942
b8:ac:6f:1d:1f:6c,00:c1:b1:14:eb:31,192.168.10.9,63378,8.43.72.98,80,6,4.933896,14,7,7,7001,3526,3475,2.634835,sSE,4.933896
b8:ac:6f:1d:1f:6c,00:c1:b1:14:eb:31,192.168.10.9,63380,199.38.164.165,80,6,4.829748,14,7,7,5386,3183,2203,2.691652,sSE,4.829748
b8:ac:6f:1d:1f:6c,00:c1:b1:14:eb:31,192.168.10.9,63277,199.38.164.55,80,6,1.741307,11,3,8,3567,180,3387,5.742813,sSEfR,1.741307
b8:ac:6f:1d:1f:6c,00:c1:b1:14:eb:31,192.168.10.9,63383,173.241.242.143,80,6,5.027185,20,10,10,5054,2576,2478,3.779451,sSE,5.027185
b8:ac:6f:36:0a:8b,00:c1:b1:14:eb:31,192.168.10.5,51877,52.205.82.8,443,6,4.980894,4,2,2,265,120,145,0.602301,sSEfF,4.980894
b8:ac:6f:1d:1f:6c,00:c1:b1:14:eb:31,192.168.10.9,62958,23.61.187.27,80,6,3.887201,6,3,3,366,180,186,1.286273,sSEfF,3.887201
b8:ac:6f:1d:1f:6c,00:c1:b1:14:eb:31,192.168.10.9,63386,23.21.225.123,80,6,2.565618,13,6,7,1782,372,1410,4.677236,sSEfF,2.565618
b8:ac:6f:1d:1f:6c,00:c1:b1:14:eb:31,192.168.10.9,63387,52.6.245.73,80,6,2.218775,13,5,8,3044,318,2726,5.408390,sSE,2.218775
b8:ac:6f:1d:1f:6c,00:c1:b1:14:eb:31,192.168.10.9,63389,52.192.219.100,80,6,2.348671,10,4,6,1829,246,1583,3.831954,sSE,2.348671
b8:ac:6f:1d:1f:6c,00:c1:b1:14:eb:31,192.168.10.9,63391,63.251.248.136,80,6,1.084087,9,4,5,824,246,578,7.379481,sSEfF,1.084087
b8:ac:6f:1d:1f:6c,00:c1:b1:14:eb:31,192.168.10.9,63310,68.67.178.111,80,6,4.755420,16,11,5,7468,6983,485,3.154295,sSE,4.755420
b8:ac:6f:1d:1f:6c,00:c1:b1:14:eb:31,192.168.10.9,63392,178.255.83.1,80,6,0.746582,10,5,5,1895,736,1159,12.054939,sSEfF,0.746582
b8:ac:6f:1d:1f:6c,00:c1:b1:14:eb:31,192.168.10.9,63393,199.38.164.165,80,6,0.427056,8,5,3,3809,3065,744,16.391293,sSE,0.427056
b8:ac:6f:1d:1f:6c,00:c1:b1:14:eb:31,192.168.10.9,63394,199.38.164.165,80,6,0.459110,6,3,3,924,186,738,10.890636,sSE,0.459110
b8:ac:6f:1d:1f:6c,00:c1:b1:14:eb:31,192.168.10.9,63395,199.38.164.165,80,6,0.458966,6,3,3,1127,186,941,10.894053,sSE,0.458966
b8:ac:6f:1d:1f:6c,00:c1:b1:14:eb:31,192.168.10.9,63396,198.51.152.179,80,6,1.008826,11,6,5,2868,855,2013,9.912512,sSE,1.008826
b8:ac:6f:1d:1f:6c,00:c1:b1:14:eb:31,192.168.10.9,63397,54.225.147.109,80,6,1.171622,11,5,6,1067,344,723,8.535175,sSEfF,1.171622
b8:ac:6f:1d:1f:6c,00:c1:b1:14:eb:31,192.168.10.9,63398,52.84.145.72,80,6,0.476760,7,3,4,1056,186,870,12.584949,sSE,0.476760
b8:ac:6f:1d:1f:6c,00:c1:b1:14:eb:31,192.168.10.9,63399,207.200.74.133,80,6,0.706634,10,6,4,4067,3310,757,12.736438,sSE,0.706634
b8:ac:6f:1d:1f:6c,00:c1:b1:14:eb:31,192.168.10.9,63400,61.213.187.241,80,6,2.816649,11,5,6,1071,306,765,3.550318,sSEfFR,2.816649
b8:ac:6f:1d:1f:6c,00:c1:b1:14:eb:31,192.168.10.9,63401,104.196.146.38,80,6,4.978570,18,9,9,3747,1501,2246,3.414635,sSE,4.978570
b8:ac:6f:1d:1f:6c,00:c1:b1:14:eb:31,192.168.10.9,63072,52.3.119.216,80,6,1.624495,6,2,4,1277,120,1157,3.077879,sSE,1.624495
b8:ac:6f:1d:1f:6c,00:c1:b1:14:eb:31,192.168.10.9,63025,172.217.9.226,80,6,3.639144,8,4,4,2182,1064,1118,1.923529,sSE,3.639144
b8:ac:6f:1d:1f:6c,00:c1:b1:14:eb:31,192.168.10.9,63026,172.217.9.226,80,6,3.599791,6,3,3,1618,996,622,1.388970,sSE,3.599791
b8:ac:6f:1d:1f:6c,18:66:da:9b:e3:7d,192.168.10.9,55584,192.168.10.3,53,17,0.030968,4,2,2,482,148,334,96.874191,CON,0.030968
b8:ac:6f:1d:1f:6c,00:c1:b1:14:eb:31,192.168.10.9,63402,66.242.12.50,80,6,1.271688,11,6,5,3004,1024,1980,7.863564,sSE,1.271688
b8:ac:6f:1d:1f:6c,00:c1:b1:14:eb:31,192.168.10.9,63403,72.249.192.49,80,6,0.371687,7,4,3,1101,624,477,16.142614,sSE,0.371687
b8:ac:6f:1d:1f:6c,00:c1:b1:14:eb:31,192.168.10.9,63404,207.244.108.217,80,6,3.403682,20,11,9,8537,2308,6229,5.582190,sSE,3.403682
b8:ac:6f:1d:1f:6c,00:c1:b1:14:eb:31,192.168.10.9,63405,54.165.235.75,80,6,3.480502,22,12,10,7206,2508,4698,6.033613,sSE,3.480502
b8:ac:6f:1d:1f:6c,00:c1:b1:14:eb:31,192.168.10.9,63406,104.196.146.38,80,6,4.538257,12,7,5,2670,1332,1338,2.423838,sSE,4.538257
b8:ac:6f:1d:1f:6c,18:66:da:9b:e3:7d,192.168.10.9,50276,192.168.10.3,53,17,0.000264,4,2,2,482,148,334,11363.636719,CON,0.000264
00:23:ae:9b:ad:b3,00:c1:b1:14:eb:31,192.168.10.19,123,192.95.27.155,123,17,0.016269,2,1,1,180,90,90,61.466591,CON,0.016269
b8:ac:6f:1d:1f:6c,18:66:da:9b:e3:7d,192.168.10.9,53904,192.168.10.3,53,17,0.000171,4,2,2,612,178,434,17543.859375,CON,0.000171
b8:ac:6f:1d:1f:6c,18:66:da:9b:e3:7d,192.168.10.9,63907,192.168.10.3,53,17,0.030672,4,2,2,374,148,226,97.809074,CON,0.030672
18:66:da:9b:e3:7d,00:c1:b1:14:eb:31,192.168.10.3,60468,192.168.10.1,53,17,0.030323,2,1,1,182,83,99,32.978268,CON,0.030323
b8:ac:6f:1d:1f:6c,00:c1:b1:14:eb:31,192.168.10.9,63293,204.154.111.115,80,6,0.043642,4,2,2,240,120,120,68.741119,sSEfF,0.043642
b8:ac:6f:1d:1f:6c,00:c1:b1:14:eb:31,192.168.10.9,63300,8.43.72.62,80,6,0.034864,3,2,1,180,120,60,57.365761,sSEfF,0.034864
b8:ac:6f:1d:1f:6c,00:c1:b1:14:eb:31,192.168.10.9,62949,38.71.5.33,443,6,0.087309,5,3,2,325,205,120,45.814289,sSEfF,0.087309
b8:ac:6f:1d:1f:6c,00:c1:b1:14:eb:31,192.168.10.9,62947,38.71.5.33,443,6,0.089822,5,3,2,325,205,120,44.532520,sSEfF,0.089822
b8:ac:6f:1d:1f:6c,00:c1:b1:14:eb:31,192.168.10.9,62974,23.63.152.219,80,6,0.039391,3,2,1,180,120,60,50.773018,sSEfF,0.039391
b8:ac:6f:1d:1f:6c,00:c1:b1:14:eb:31,192.168.10.9,63295,8.43.72.62,80,6,0.035192,3,2,1,180,120,60,56.831097,sSEfF,0.035192
b8:ac:6f:1d:1f:6c,00:c1:b1:14:eb:31,192.168.10.9,62945,38.71.5.33,443,6,0.086813,5,3,2,325,205,120,46.076046,sSEfF,0.086813
b8:ac:6f:1d:1f:6c,00:c1:b1:14:eb:31,192.168.10.9,63299,8.43.72.62,80,6,0.035262,3,2,1,180,120,60,56.718281,sSEfF,0.035262
b8:ac:6f:1d:1f:6c,00:c1:b1:14:eb:31,192.168.10.9,62965,54.192.36.63,80,6,0.030994,3,2,1,180,120,60,64.528618,sSEfF,0.030994
b8:ac:6f:1d:1f:6c,00:c1:b1:14:eb:31,192.168.10.9,62975,52.84.145.117,80,6,0.022175,3,2,1,180,120,60,90.191658,sSEfF,0.022175
b8:ac:6f:1d:1f:6c,00:c1:b1:14:eb:31,192.168.10.9,62825,151.101.45.108,80,6,0.032208,3,2,1,180,120,60,62.096375,sSEfF,0.032208
b8:ac:6f:1d:1f:6c,00:c1:b1:14:eb:31,192.168.10.9,62950,38.71.5.33,443,6,0.086584,5,3,2,325,205,120,46.197910,sSEfF,0.086584
b8:ac:6f:1d:1f:6c,00:c1:b1:14:eb:31,192.168.10.9,63296,8.43.72.62,80,6,0.034894,3,2,1,180,120,60,57.316444,sSEfF,0.034894
b8:ac:6f:1d:1f:6c,00:c1:b1:14:eb:31,192.168.10.9,63298,8.43.72.62,80,6,0.035109,3,2,1,180,120,60,56.965454,sSEfF,0.035109
b8:ac:6f:1d:1f:6c,00:c1:b1:14:eb:31,192.168.10.9,62986,8.43.72.47,443,6,0.034847,5,3,2,347,227,120,114.787506,sSEfF,0.034847
b8:ac:6f:1d:1f:6c,00:c1:b1:14:eb:31,192.168.10.9,63297,8.43.72.62,80,6,0.035266,3,2,1,180,120,60,56.711845,sSEfF,0.035266
b8:ac:6f:1d:1f:6c,18:66:da:9b:e3:7d,192.168.10.9,56824,192.168.10.3,53,17,0.000144,4,2,2,364,166,198,20833.332031,CON,0.000144
b8:ac:6f:1d:1f:6c,18:66:da:9b:e3:7d,192.168.10.9,62523,192.168.10.3,53,17,0.054168,4,2,2,700,140,560,55.383251,CON,0.054168
b8:ac:6f:1d:1f:6c,18:66:da:9b:e3:7d,192.168.10.9,64060,192.168.10.3,53,17,0.031354,4,2,2,638,152,486,95.681572,CON,0.031354
18:66:da:9b:e3:7d,00:c1:b1:14:eb:31,192.168.10.3,61979,192.168.10.1,53,17,0.053661,2,1,1,359,84,275,18.635508,CON,0.053661
18:66:da:9b:e3:7d,00:c1:b1:14:eb:31,192.168.10.3,61559,192.168.10.1,53,17,0.030883,2,1,1,336,128,208,32.380276,CON,0.030883
b8:ac:6f:1d:1f:6c,18:66:da:9b:e3:7d,192.168.10.9,65212,192.168.10.3,53,17,0.000148,4,2,2,320,144,176,20270.269531,CON,0.000148
b8:ac:6f:1d:1f:6c,18:66:da:9b:e3:7d,192.168.10.9,64945,192.168.10.3,53,17,0.000183,4,2,2,628,234,394,16393.443359,CON,0.000183
b8:ac:6f:1d:1f:6c,00:c1:b1:14:eb:31,192.168.10.9,63316,204.154.111.111,80,6,0.045253,4,2,2,240,120,120,66.293945,sSEfF,0.045253
b8:ac:6f:1d:1f:6c,00:c1:b1:14:eb:31,192.168.10.9,63407,23.63.227.171,80,6,0.038312,3,2,1,192,126,66,52.202965,sSE,0.038312
b8:ac:6f:1d:1f:6c,00:c1:b1:14:eb:31,192.168.10.9,62624,172.217.12.198,443,6,2.830326,93,37,56,43908,4057,39851,32.505089,sSE,2.830326
b8:ac:6f:1d:1f:6c,18:66:da:9b:e3:7d,192.168.10.9,58535,192.168.10.3,53,17,0.000275,4,2,2,704,224,480,10909.090820,CON,0.000275
b8:ac:6f:1d:1f:6c,18:66:da:9b:e3:7d,192.168.10.9,53189,192.168.10.3,53,17,0.049787,4,2,2,612,224,388,60.256695,CON,0.049787
18:66:da:9b:e3:7d,00:c1:b1:14:eb:31,192.168.10.3,60405,192.168.10.1,53,17,0.049568,2,1,1,328,123,205,20.174305,CON,0.049568
b8:ac:6f:1d:1f:6c,00:c1:b1:14:eb:31,192.168.10.9,63278,172.217.9.234,80,6,0.036631,2,1,1,126,60,66,27.299282,sSE,0.036631
b8:ac:6f:1d:1f:6c,00:c1:b1:14:eb:31,192.168.10.9,63047,204.2.255.235,443,6,0.068607,2,1,1,120,60,60,14.575771,sSE,0.068607
b8:ac:6f:1d:1f:6c,18:66:da:9b:e3:7d,192.168.10.9,49508,192.168.10.3,53,17,0.078442,4,2,2,518,160,358,38.244820,CON,0.078442
18:66:da:9b:e3:7d,00:c1:b1:14:eb:31,192.168.10.3,60729,192.168.10.1,53,17,0.077895,2,1,1,281,91,190,12.837794,CON,0.077895
b8:ac:6f:1d:1f:6c,00:c1:b1:14:eb:31,192.168.10.9,63408,52.8.87.116,80,6,4.922691,22,13,9,7705,3266,4439,4.265960,sSE,4.922691
b8:ac:6f:1d:1f:6c,00:c1:b1:14:eb:31,192.168.10.9,63409,199.38.164.165,80,6,0.393177,7,4,3,428,246,182,15.260303,sSEf,0.393177
b8:ac:6f:1d:1f:6c,00:c1:b1:14:eb:31,192.168.10.9,63410,54.225.147.109,80,6,1.672464,11,5,6,1055,334,721,5.979202,sSEfF,1.672464
b8:ac:6f:1d:1f:6c,00:c1:b1:14:eb:31,192.168.10.9,63411,151.101.22.2,80,6,3.803316,14,6,8,5842,3268,2574,3.418070,sSE,3.803316
b8:ac:6f:1d:1f:6c,00:c1:b1:14:eb:31,192.168.10.9,63412,52.41.90.231,80,6,1.102104,8,3,5,1880,192,1688,6.351488,sSE,1.102104
b8:ac:6f:1d:1f:6c,00:c1:b1:14:eb:31,192.168.10.9,63413,63.251.98.12,80,6,1.968183,12,6,6,3972,1118,2854,5.588911,sSEfF,1.968183
b8:ac:6f:1d:1f:6c,00:c1:b1:14:eb:31,192.168.10.9,63414,63.251.98.12,80,6,1.968054,14,6,8,3539,621,2918,6.605510,sSEfF,1.968054
00:1e:4f:d4:ca:28,00:c1:b1:14:eb:31,192.168.10.15,50060,23.50.75.27,80,6,0.023113,2,1,1,126,60,66,43.265697,sSE,0.023113
b8:ac:6f:1d:1f:6c,00:c1:b1:14:eb:31,192.168.10.9,62774,74.121.138.87,80,6,3.100177,12,7,5,5964,4232,1732,3.548184,sSE,3.100177
b8:ac:6f:1d:1f:6c,00:c1:b1:14:eb:31,192.168.10.9,63078,198.54.12.145,443,6,0.059078,2,1,1,120,60,60,16.926775,sSE,0.059078
b8:ac:6f:1d:1f:6c,18:66:da:9b:e3:7d,192.168.10.9,51015,192.168.10.3,53,17,0.000162,4,2,2,356,162,194,18518.519531,CON,0.000162
b8:ac:6f:1d:1f:6c,00:c1:b1:14:eb:31,192.168.10.9,63035,169.60.66.35,80,6,4.582116,5,3,2,300,180,120,0.872959,sSEfF,4.582116
00:23:ae:9b:8a:bf,00:c1:b1:14:eb:31,192.168.10.16,37486,216.200.232.14,443,6,0.035104,2,1,1,132,66,66,28.486782,sSE,0.035104
b8:ac:6f:1d:1f:6c,18:66:da:9b:e3:7d,192.168.10.9,57676,192.168.10.3,53,17,0.062137,4,2,2,584,164,420,48.280411,CON,0.062137
18:66:da:9b:e3:7d,00:c1:b1:14:eb:31,192.168.10.3,61343,192.168.10.1,53,17,0.061689,2,1,1,314,93,221,16.210346,CON,0.061689
b8:ac:6f:1d:1f:6c,18:66:da:9b:e3:7d,192.168.10.9,57299,192.168.10.3,53,17,0.000197,4,2,2,522,162,360,15228.426758,CON,0.000197
b8:ac:6f:1d:1f:6c,00:c1:b1:14:eb:31,192.168.10.9,63415,68.67.178.111,443,6,2.580808,17,10,7,8823,3451,5372,6.199609,sSE,2.580808
b8:ac:6f:1d:1f:6c,00:c1:b1:14:eb:31,192.168.10.9,63416,199.38.164.55,80,6,4.848837,14,5,9,4772,892,3880,2.681055,sSE,4.848837
b8:ac:6f:1d:1f:6c,00:c1:b1:14:eb:31,192.168.10.9,63417,54.192.36.150,443,6,3.083426,65,26,39,52233,4123,48110,20.756132,sSE,3.083426
b8:ac:6f:1d:1f:6c,00:c1:b1:14:eb:31,192.168.10.9,63418,54.192.36.150,443,6,3.074035,35,16,19,25274,3530,21744,11.060382,sSE,3.074035
b8:ac:6f:1d:1f:6c,00:c1:b1:14:eb:31,192.168.10.9,63419,104.88.12.52,80,6,1.303234,10,5,5,1667,782,885,6.905897,sSEfF,1.303234
b8:ac:6f:1d:1f:6c,18:66:da:9b:e3:7d,192.168.10.9,63381,192.168.10.3,53,17,0.030976,4,2,2,416,144,272,96.849174,CON,0.030976
18:66:da:9b:e3:7d,00:c1:b1:14:eb:31,192.168.10.3,60709,192.168.10.1,53,17,0.030589,2,1,1,230,83,147,32.691490,CON,0.030589
b8:ac:6f:1d:1f:6c,00:c1:b1:14:eb:31,192.168.10.9,63276,199.38.164.55,80,6,0.000000,2,1,1,120,60,60,0.000000,sSEf,0.000000
b8:ac:6f:1d:1f:6c,18:66:da:9b:e3:7d,192.168.10.9,61694,192.168.10.3,53,17,0.000197,4,2,2,584,164,420,15228.426758,CON,0.000197
b8:ac:6f:1d:1f:6c,18:66:da:9b:e3:7d,192.168.10.9,51658,192.168.10.3,53,17,0.000169,4,2,2,416,144,272,17751.478516,CON,0.000169
b8:ac:6f:1d:1f:6c,00:c1:b1:14:eb:31,192.168.10.9,63317,204.154.111.111,80,6,0.032688,2,1,1,120,60,60,30.592266,sSEfF,0.032688
b8:ac:6f:1d:1f:6c,00:c1:b1:14:eb:31,192.168.10.9,62484,172.217.6.230,443,6,0.133987,10,4,6,1022,480,542,67.170700,E,0.133987
b8:ac:6f:1d:1f:6c,18:66:da:9b:e3:7d,192.168.10.9,55132,192.168.10.3,53,17,0.031362,4,2,2,482,164,318,95.657166,CON,0.031362
18:66:da:9b:e3:7d,00:c1:b1:14:eb:31,192.168.10.3,60210,192.168.10.1,53,17,0.031130,2,1,1,263,93,170,32.123356,CON,0.031130
b8:ac:6f:1d:1f:6c,18:66:da:9b:e3:7d,192.168.10.9,59319,192.168.10.3,53,17,0.000178,4,2,2,452,170,282,16853.931641,CON,0.000178
b8:ac:6f:1d:1f:6c,18:66:da:9b:e3:7d,192.168.10.9,51943,192.168.10.3,53,17,0.000180,4,2,2,456,174,282,16666.666016,CON,0.000180
b8:ac:6f:1d:1f:6c,18:66:da:9b:e3:7d,192.168.10.9,64577,192.168.10.3,53,17,0.047988,4,2,2,486,174,312,62.515629,CON,0.047988
18:66:da:9b:e3:7d,00:c1:b1:14:eb:31,192.168.10.3,60935,192.168.10.1,53,17,0.047606,2,1,1,265,98,167,21.005756,CON,0.047606
b8:ac:6f:1d:1f:6c,18:66:da:9b:e3:7d,192.168.10.9,59228,192.168.10.3,53,17,0.048170,4,2,2,464,170,294,62.279427,CON,0.048170
18:66:da:9b:e3:7d,00:c1:b1:14:eb:31,192.168.10.3,61718,192.168.10.1,53,17,0.047750,2,1,1,254,96,158,20.942408,CON,0.047750
b8:ac:6f:1d:1f:6c,18:66:da:9b:e3:7d,192.168.10.9,61917,192.168.10.3,53,17,0.032365,4,2,2,486,174,312,92.692719,CON,0.032365
18:66:da:9b:e3:7d,00:c1:b1:14:eb:31,192.168.10.3,60912,192.168.10.1,53,17,0.031951,2,1,1,265,98,167,31.297926,CON,0.031951
b8:ac:6f:1d:1f:6c,18:66:da:9b:e3:7d,192.168.10.9,65505,192.168.10.3,53,17,0.047590,4,2,2,490,176,314,63.038456,CON,0.047590
b8:ac:6f:1d:1f:6c,18:66:da:9b:e3:7d,192.168.10.9,55759,192.168.10.3,53,17,0.031438,4,2,2,448,170,278,95.425919,CON,0.031438
18:66:da:9b:e3:7d,00:c1:b1:14:eb:31,192.168.10.3,61562,192.168.10.1,53,17,0.047336,2,1,1,267,99,168,21.125570,CON,0.047336
18:66:da:9b:e3:7d,00:c1:b1:14:eb:31,192.168.10.3,60606,192.168.10.1,53,17,0.031061,2,1,1,246,96,150,32.194714,CON,0.031061
b8:ac:6f:36:04:e3,00:c1:b1:14:eb:31,192.168.10.12,34972,92.45.106.102,80,6,0.148203,2,1,1,120,60,60,6.747502,sSE,0.148203
b8:ac:6f:1d:1f:6c,18:66:da:9b:e3:7d,192.168.10.9,61167,192.168.10.3,53,17,0.031009,4,2,2,548,146,402,96.746109,CON,0.031009
18:66:da:9b:e3:7d,00:c1:b1:14:eb:31,192.168.10.3,60895,192.168.10.1,53,17,0.030573,2,1,1,296,84,212,32.708599,CON,0.030573
b8:ac:6f:1d:1f:6c,18:66:da:9b:e3:7d,192.168.10.9,57503,192.168.10.3,53,17,0.100494,4,2,2,978,146,832,29.852530,CON,0.100494
b8:ac:6f:1d:1f:6c,18:66:da:9b:e3:7d,192.168.10.9,65462,192.168.10.3,53,17,0.128934,4,2,2,588,150,438,23.267719,CON,0.128934
18:66:da:9b:e3:7d,00:c1:b1:14:eb:31,192.168.10.3,62533,192.168.10.1,53,17,0.099956,2,1,1,511,84,427,10.004402,CON,0.099956
18:66:da:9b:e3:7d,00:c1:b1:14:eb:31,192.168.10.3,62150,192.168.10.1,53,17,0.128454,2,1,1,316,86,230,7.784888,CON,0.128454
b8:ac:6f:1d:1f:6c,18:66:da:9b:e3:7d,192.168.10.9,54422,192.168.10.3,53,17,0.023740,4,2,2,486,152,334,126.369003,CON,0.023740
18:66:da:9b:e3:7d,00:c1:b1:14:eb:31,192.168.10.3,61585,192.168.10.1,53,17,0.023335,2,1,1,254,95,159,42.854080,CON,0.023335
b8:ac:6f:1d:1f:6c,00:c1:b1:14:eb:31,192.168.10.9,62803,199.244.50.41,80,6,4.089946,56,28,28,44231,6562,37669,13.447611,sSE,4.089946
b8:ac:6f:1d:1f:6c,00:c1:b1:14:eb:31,192.168.10.9,63420,156.154.202.32,80,6,2.052827,11,6,5,3645,3112,533,4.871331,sSEfF,2.052827
b8:ac:6f:1d:1f:6c,00:c1:b1:14:eb:31,192.168.10.9,63421,38.106.10.132,80,6,1.057074,9,5,4,2355,625,1730,7.568061,sSE,1.057074
b8:ac:6f:1d:1f:6c,00:c1:b1:14:eb:31,192.168.10.9,63422,54.165.89.238,80,6,0.990378,9,5,4,1347,739,608,8.077724,sSE,0.990378
b8:ac:6f:1d:1f:6c,00:c1:b1:14:eb:31,192.168.10.9,63423,152.163.56.2,80,6,0.988811,6,4,2,1028,632,396,5.056578,sSE,0.988811
b8:ac:6f:1d:1f:6c,00:c1:b1:14:eb:31,192.168.10.9,63424,54.76.90.156,80,6,1.103114,9,5,4,2037,625,1412,7.252197,sSE,1.103114
b8:ac:6f:1d:1f:6c,00:c1:b1:14:eb:31,192.168.10.9,63425,213.155.156.166,443,6,3.445585,19,10,9,6219,1293,4926,5.224077,sSEfF,3.445585
b8:ac:6f:1d:1f:6c,00:c1:b1:14:eb:31,192.168.10.9,63426,54.152.58.168,443,6,3.688596,20,11,9,8034,1742,6292,5.151011,sSE,3.688596
b8:ac:6f:1d:1f:6c,00:c1:b1:14:eb:31,192.168.10.9,63427,69.166.1.10,80,6,2.860160,10,6,4,1663,806,857,3.146677,sSEfF,2.860160
b8:ac:6f:1d:1f:6c,18:66:da:9b:e3:7d,192.168.10.9,63754,192.168.10.3,53,17,0.024036,4,2,2,926,152,774,124.812782,CON,0.024036
18:66:da:9b:e3:7d,00:c1:b1:14:eb:31,192.168.10.3,61809,192.168.10.1,53,17,0.023398,2,1,1,470,91,379,42.738693,CON,0.023398
b8:ac:6f:1d:1f:6c,18:66:da:9b:e3:7d,192.168.10.9,52752,192.168.10.3,53,17,0.000286,4,2,2,548,146,402,10489.510742,CON,0.000286
b8:ac:6f:1d:1f:6c,18:66:da:9b:e3:7d,192.168.10.9,63216,192.168.10.3,53,17,0.000293,4,2,2,486,152,334,10238.908203,CON,0.000293
b8:ac:6f:1d:1f:6c,18:66:da:9b:e3:7d,192.168.10.9,56360,192.168.10.3,53,17,0.000049,4,2,2,548,146,402,61224.492188,CON,0.000049
b8:ac:6f:1d:1f:6c,18:66:da:9b:e3:7d,192.168.10.9,53515,192.168.10.3,53,17,0.000144,4,2,2,464,168,296,20833.332031,CON,0.000144
b8:ac:6f:1d:1f:6c,18:66:da:9b:e3:7d,192.168.10.9,63709,192.168.10.3,53,17,0.000279,4,2,2,896,160,736,10752.688477,CON,0.000279
b8:ac:6f:1d:1f:6c,00:c1:b1:14:eb:31,192.168.10.9,63322,68.67.180.12,80,6,0.257047,6,1,5,1258,60,1198,19.451696,sSE,0.257047
b8:ac:6f:1d:1f:6c,18:66:da:9b:e3:7d,192.168.10.9,53461,192.168.10.3,53,17,0.000486,4,2,2,956,158,798,6172.839355,CON,0.000486
b8:ac:6f:1d:1f:6c,18:66:da:9b:e3:7d,192.168.10.9,52601,192.168.10.3,53,17,0.000211,4,2,2,588,150,438,14218.008789,CON,0.000211
b8:ac:6f:1d:1f:6c,18:66:da:9b:e3:7d,192.168.10.9,53155,192.168.10.3,53,17,0.000173,4,2,2,536,236,300,17341.041016,CON,0.000173
b8:ac:6f:1d:1f:6c,18:66:da:9b:e3:7d,192.168.10.9,52558,192.168.10.3,53,17,0.048096,4,2,2,636,236,400,62.375248,CON,0.048096
18:66:da:9b:e3:7d,00:c1:b1:14:eb:31,192.168.10.3,61093,192.168.10.1,53,17,0.047687,2,1,1,340,129,211,20.970076,CON,0.047687
b8:ac:6f:1d:1f:6c,00:c1:b1:14:eb:31,192.168.10.9,63428,52.21.80.181,80,6,0.859560,9,5,4,1895,675,1220,9.307087,sSE,0.859560
b8:ac:6f:1d:1f:6c,00:c1:b1:14:eb:31,192.168.10.9,63429,54.167.238.223,80,6,2.138618,16,7,9,4933,3259,1674,7.013875,sSE,2.138618
b8:ac:6f:1d:1f:6c,00:c1:b1:14:eb:31,192.168.10.9,63430,54.249.38.117,80,6,0.975490,7,4,3,1343,638,705,6.150755,sSE,0.975490
b8:ac:6f:36:04:e3,00:c1:b1:14:eb:31,192.168.10.12,39892,172.217.10.130,80,6,0.035876,2,1,1,132,66,66,27.873789,sSE,0.035876
b8:ac:6f:36:04:e3,00:c1:b1:14:eb:31,192.168.10.12,59648,92.45.106.142,80,6,0.149496,2,1,1,120,60,60,6.689142,sSE,0.149496
b8:ac:6f:36:04:e3,00:c1:b1:14:eb:31,192.168.10.12,59642,92.45.106.142,80,6,0.147852,2,1,1,120,60,60,6.763520,sSE,0.147852
b8:ac:6f:1d:1f:6c,00:c1:b1:14:eb:31,192.168.10.9,63319,68.67.180.12,80,6,0.261707,6,1,5,2164,66,2098,19.105335,sSE,0.261707
b8:ac:6f:1d:1f:6c,00:c1:b1:14:eb:31,192.168.10.9,63193,172.217.12.202,443,6,0.276846,4,2,2,366,166,200,10.836349,sSE,0.276846
b8:ac:6f:1d:1f:6c,00:c1:b1:14:eb:31,192.168.10.9,62802,172.217.9.226,80,6,2.650610,9,6,3,4270,2730,1540,3.018173,sSE,2.650610
b8:ac:6f:1d:1f:6c,00:c1:b1:14:eb:31,192.168.10.9,63431,54.152.58.168,80,6,5.082531,19,11,8,5112,2390,2722,3.541543,sSE,5.082531
b8:ac:6f:1d:1f:6c,00:c1:b1:14:eb:31,192.168.10.9,63432,198.51.152.179,80,6,0.023690,3,2,1,188,126,62,84.423805,sSE,0.023690
b8:ac:6f:1d:1f:6c,00:c1:b1:14:eb:31,192.168.10.9,63433,8.41.222.241,80,6,2.676910,10,6,4,3659,1321,2338,3.362086,sSE,2.676910
b8:ac:6f:1d:1f:6c,00:c1:b1:14:eb:31,192.168.10.9,63434,74.217.253.61,80,6,4.626432,12,6,6,2807,783,2024,2.377642,sSEfF,4.626432
b8:ac:6f:1d:1f:6c,00:c1:b1:14:eb:31,192.168.10.9,63435,204.2.255.232,80,6,0.732148,9,5,4,2420,774,1646,10.926753,sSE,0.732148
b8:ac:6f:1d:1f:6c,00:c1:b1:14:eb:31,192.168.10.9,63436,205.180.87.137,443,6,2.345733,19,10,9,5699,1356,4343,7.673508,sSEfF,2.345733
b8:ac:6f:1d:1f:6c,00:c1:b1:14:eb:31,192.168.10.9,63437,52.41.90.231,80,6,0.697089,9,5,4,2444,792,1652,11.476296,sSE,0.697089
b8:ac:6f:1d:1f:6c,00:c1:b1:14:eb:31,192.168.10.9,63438,152.163.64.1,80,6,0.981138,6,4,2,1276,754,522,5.096123,sSE,0.981138
b8:ac:6f:1d:1f:6c,00:c1:b1:14:eb:31,192.168.10.9,63439,52.55.84.181,80,6,0.679576,8,4,4,1892,588,1304,10.300541,sSE,0.679576
b8:ac:6f:1d:1f:6c,00:c1:b1:14:eb:31,192.168.10.9,63440,34.200.58.169,80,6,0.678039,9,5,4,1824,816,1008,11.798731,sSE,0.678039
b8:ac:6f:1d:1f:6c,00:c1:b1:14:eb:31,192.168.10.9,63074,23.15.4.9,80,6,0.015220,2,1,1,126,60,66,65.703018,sSE,0.015220
b8:ac:6f:1d:1f:6c,18:66:da:9b:e3:7d,192.168.10.9,64577,192.168.10.3,53,17,0.024068,4,2,2,324,146,178,124.646835,CON,0.024068
18:66:da:9b:e3:7d,00:c1:b1:14:eb:31,192.168.10.3,62059,192.168.10.1,53,17,0.023652,2,1,1,184,84,100,42.279720,CON,0.023652
b8:ac:6f:1d:1f:6c,18:66:da:9b:e3:7d,192.168.10.9,64564,192.168.10.3,53,17,0.000203,4,2,2,324,146,178,14778.325195,CON,0.000203
b8:ac:6f:1d:1f:6c,18:66:da:9b:e3:7d,192.168.10.9,57263,192.168.10.3,53,17,0.048346,4,2,2,438,146,292,62.052700,CON,0.048346
18:66:da:9b:e3:7d,00:c1:b1:14:eb:31,192.168.10.3,61145,192.168.10.1,53,17,0.047953,2,1,1,241,84,157,20.853754,CON,0.047953
00:1e:4f:d4:ca:28,00:c1:b1:14:eb:31,192.168.10.15,50073,172.217.10.142,80,6,0.036807,2,1,1,126,60,66,27.168745,sSE,0.036807
b8:ac:6f:1d:1f:6c,00:c1:b1:14:eb:31,192.168.10.9,63441,68.67.178.111,443,6,1.895776,15,9,6,5928,2156,3772,7.384839,sSE,1.895776
b8:ac:6f:1d:1f:6c,00:c1:b1:14:eb:31,192.168.10.9,63442,199.38.164.55,80,6,4.843797,15,6,9,4824,945,3879,2.890294,sSE,4.843797
b8:ac:6f:1d:1f:6c,00:c1:b1:14:eb:31,192.168.10.9,63443,199.38.164.55,80,6,4.843800,15,6,9,3783,926,2857,2.890293,sSE,4.843800
b8:ac:6f:1d:1f:6c,00:c1:b1:14:eb:31,192.168.10.9,63444,69.169.85.7,80,6,4.759896,12,5,7,2624,682,1942,2.310975,sSE,4.759896
b8:ac:6f:1d:1f:6c,00:c1:b1:14:eb:31,192.168.10.9,63445,199.38.164.55,80,6,0.543289,11,6,5,4920,3817,1103,18.406410,sSE,0.543289
b8:ac:6f:1d:1f:6c,00:c1:b1:14:eb:31,192.168.10.9,63065,52.2.56.173,80,6,0.050797,2,1,1,126,60,66,19.686201,sSE,0.050797
b8:ac:6f:1d:1f:6c,00:c1:b1:14:eb:31,192.168.10.9,63311,68.67.178.111,80,6,4.706238,15,9,6,4827,4282,545,2.974775,sSE,4.706238
b8:ac:6f:1d:1f:6c,18:66:da:9b:e3:7d,192.168.10.9,61187,192.168.10.3,53,17,0.000306,4,2,2,548,146,402,9803.921875,CON,0.000306
b8:ac:6f:1d:1f:6c,18:66:da:9b:e3:7d,192.168.10.9,56443,192.168.10.3,53,17,0.000219,4,2,2,548,146,402,13698.630859,CON,0.000219
b8:ac:6f:1d:1f:6c,18:66:da:9b:e3:7d,192.168.10.9,62943,192.168.10.3,53,17,0.000208,4,2,2,548,146,402,14423.077148,CON,0.000208
b8:ac:6f:1d:1f:6c,00:c1:b1:14:eb:31,192.168.10.9,63309,68.67.178.111,80,6,4.788171,8,4,4,2042,1437,605,1.461936,sSE,4.788171
b8:ac:6f:1d:1f:6c,00:c1:b1:14:eb:31,192.168.10.9,63075,23.208.165.24,80,6,0.023060,2,1,1,126,60,66,43.365135,sSE,0.023060
b8:ac:6f:1d:1f:6c,00:c1:b1:14:eb:31,192.168.10.9,63073,104.97.73.166,80,6,0.023347,2,1,1,126,60,66,42.832058,sSE,0.023347
b8:ac:6f:1d:1f:6c,00:c1:b1:14:eb:31,192.168.10.9,63446,199.244.50.41,80,6,3.705228,12,8,4,3075,2134,941,2.968778,sSE,3.705228
b8:ac:6f:1d:1f:6c,00:c1:b1:14:eb:31,192.168.10.9,63447,72.5.205.44,80,6,1.640369,8,5,3,1179,712,467,4.267333,sSEfF,1.640369
b8:ac:6f:1d:1f:6c,00:c1:b1:14:eb:31,192.168.10.9,63448,52.84.145.67,443,6,1.929081,51,21,30,39376,2948,36428,25.919079,sSE,1.929081
b8:ac:6f:1d:1f:6c,00:c1:b1:14:eb:31,192.168.10.9,63449,68.67.178.132,443,6,2.923299,17,11,6,7313,3535,3778,5.473268,sSE,2.923299
b8:ac:6f:1d:1f:6c,00:c1:b1:14:eb:31,192.168.10.9,63450,74.201.85.20,80,6,1.593478,10,5,5,1673,664,1009,5.648023,sSEfF,1.593478
b8:ac:6f:1d:1f:6c,00:c1:b1:14:eb:31,192.168.10.9,63451,72.5.205.44,80,6,1.534681,8,5,3,1405,716,689,4.561209,sSEfF,1.534681
b8:ac:6f:1d:1f:6c,18:66:da:9b:e3:7d,192.168.10.9,55065,192.168.10.3,53,17,0.031183,4,2,2,456,172,284,96.206261,CON,0.031183
18:66:da:9b:e3:7d,00:c1:b1:14:eb:31,192.168.10.3,61310,192.168.10.1,53,17,0.030771,2,1,1,250,97,153,32.498131,CON,0.030771
b8:ac:6f:1d:1f:6c,18:66:da:9b:e3:7d,192.168.10.9,51021,192.168.10.3,53,17,0.023829,4,2,2,460,172,288,125.897018,CON,0.023829
18:66:da:9b:e3:7d,00:c1:b1:14:eb:31,192.168.10.3,62426,192.168.10.1,53,17,0.023487,2,1,1,252,97,155,42.576744,CON,0.023487
b8:ac:6f:1d:1f:6c,18:66:da:9b:e3:7d,192.168.10.9,65439,192.168.10.3,53,17,0.031108,4,2,2,454,172,282,96.438217,CON,0.031108
18:66:da:9b:e3:7d,00:c1:b1:14:eb:31,192.168.10.3,61845,192.168.10.1,53,17,0.030704,2,1,1,249,97,152,32.569046,CON,0.030704
b8:ac:6f:1d:1f:6c,18:66:da:9b:e3:7d,192.168.10.9,57086,192.168.10.3,53,17,0.030667,4,2,2,464,170,294,97.825027,CON,0.030667
18:66:da:9b:e3:7d,00:c1:b1:14:eb:31,192.168.10.3,62413,192.168.10.1,53,17,0.030307,2,1,1,254,96,158,32.995678,CON,0.030307
b8:ac:6f:1d:1f:6c,00:c1:b1:14:eb:31,192.168.10.9,63040,198.54.12.145,80,6,0.058862,2,1,1,120,60,60,16.988890,sSE,0.058862
b8:ac:6f:1d:1f:6c,00:c1:b1:14:eb:31,192.168.10.9,62758,52.84.143.148,80,6,1.299930,6,3,3,1777,618,1159,3.846361,sSE,1.299930
b8:ac:6f:1d:1f:6c,18:66:da:9b:e3:7d,192.168.10.9,58663,192.168.10.3,53,17,0.030921,4,2,2,462,176,286,97.021446,CON,0.030921
18:66:da:9b:e3:7d,00:c1:b1:14:eb:31,192.168.10.3,60417,192.168.10.1,53,17,0.030544,2,1,1,253,99,154,32.739655,CON,0.030544
b8:ac:6f:1d:1f:6c,18:66:da:9b:e3:7d,192.168.10.9,49281,192.168.10.3,53,17,0.031249,4,2,2,448,170,278,96.003075,CON,0.031249
18:66:da:9b:e3:7d,00:c1:b1:14:eb:31,192.168.10.3,62526,192.168.10.1,53,17,0.030938,2,1,1,246,96,150,32.322712,CON,0.030938
b8:ac:6f:1d:1f:6c,18:66:da:9b:e3:7d,192.168.10.9,53989,192.168.10.3,53,17,0.031328,4,2,2,460,174,286,95.760979,CON,0.031328
18:66:da:9b:e3:7d,00:c1:b1:14:eb:31,192.168.10.3,62098,192.168.10.1,53,17,0.030898,2,1,1,252,98,154,32.364555,CON,0.030898
b8:ac:6f:1d:1f:6c,18:66:da:9b:e3:7d,192.168.10.9,54743,192.168.10.3,53,17,0.000165,4,2,2,422,174,248,18181.818359,CON,0.000165
00:1e:4f:d4:ca:28,00:c1:b1:14:eb:31,192.168.10.15,50064,96.16.199.170,443,6,0.023505,2,1,1,126,60,66,42.544140,sSE,0.023505
00:1e:4f:d4:ca:28,00:c1:b1:14:eb:31,192.168.10.15,50065,96.16.199.170,443,6,0.024042,2,1,1,126,60,66,41.593880,sSE,0.024042
b8:ac:6f:1d:1f:6c,00:c1:b1:14:eb:31,192.168.10.9,63452,156.154.202.32,80,6,1.687715,10,5,5,1238,667,571,5.332654,sSEfF,1.687715
b8:ac:6f:1d:1f:6c,00:c1:b1:14:eb:31,192.168.10.9,63453,63.251.248.136,80,6,1.843173,9,4,5,832,246,586,4.340341,sSEfF,1.843173
b8:ac:6f:1d:1f:6c,00:c1:b1:14:eb:31,192.168.10.9,63454,63.251.248.136,80,6,1.571259,10,5,5,1352,781,571,5.727891,sSEfF,1.571259
b8:ac:6f:1d:1f:6c,00:c1:b1:14:eb:31,192.168.10.9,63455,204.154.111.111,80,6,1.514868,17,10,7,9474,1782,7692,10.561976,sSEfF,1.514868
b8:ac:6f:1d:1f:6c,00:c1:b1:14:eb:31,192.168.10.9,63456,199.38.164.55,80,6,0.023025,3,2,1,188,126,62,86.862106,sSE,0.023025
b8:ac:6f:1d:1f:6c,00:c1:b1:14:eb:31,192.168.10.9,63457,199.38.164.55,80,6,4.680184,15,6,9,4542,900,3642,2.991335,sSE,4.680184
b8:ac:6f:1d:1f:6c,00:c1:b1:14:eb:31,192.168.10.9,63458,34.192.57.170,80,6,2.939588,18,10,8,5671,1735,3936,5.783123,sSE,2.939588
b8:ac:6f:1d:1f:6c,00:c1:b1:14:eb:31,192.168.10.9,63459,52.70.140.205,80,6,0.802711,8,3,5,832,192,640,8.720448,sSE,0.802711
00:1e:4f:d4:ca:28,00:c1:b1:14:eb:31,192.168.10.15,50063,96.16.199.170,443,6,0.023612,2,1,1,126,60,66,42.351345,sSE,0.023612
00:1e:4f:d4:ca:28,00:c1:b1:14:eb:31,192.168.10.15,50062,96.16.199.170,443,6,0.023356,2,1,1,126,60,66,42.815552,sSE,0.023356
b8:ac:6f:1d:1f:6c,18:66:da:9b:e3:7d,192.168.10.9,62390,192.168.10.3,53,17,0.000195,4,2,2,486,152,334,15384.615234,CON,0.000195
b8:ac:6f:1d:1f:6c,18:66:da:9b:e3:7d,192.168.10.9,52358,192.168.10.3,53,17,0.000188,4,2,2,486,152,334,15957.446289,CON,0.000188
b8:ac:6f:1d:1f:6c,18:66:da:9b:e3:7d,192.168.10.9,57818,192.168.10.3,53,17,0.030526,4,2,2,324,146,178,98.276878,CON,0.030526
b8:ac:6f:1d:1f:6c,18:66:da:9b:e3:7d,192.168.10.9,56353,192.168.10.3,53,17,0.000185,4,2,2,464,168,296,16216.216797,CON,0.000185
18:66:da:9b:e3:7d,00:c1:b1:14:eb:31,192.168.10.3,60577,192.168.10.1,53,17,0.030257,2,1,1,184,84,100,33.050205,CON,0.030257
b8:ac:6f:1d:1f:6c,18:66:da:9b:e3:7d,192.168.10.9,50866,192.168.10.3,53,17,0.000178,4,2,2,448,170,278,16853.931641,CON,0.000178
b8:ac:6f:1d:1f:6c,18:66:da:9b:e3:7d,192.168.10.9,52092,192.168.10.3,53,17,0.032700,4,2,2,454,172,282,91.743126,CON,0.032700
18:66:da:9b:e3:7d,00:c1:b1:14:eb:31,192.168.10.3,61230,192.168.10.1,53,17,0.032340,2,1,1,249,97,152,30.921457,CON,0.032340
00:1e:4f:d4:ca:28,00:c1:b1:14:eb:31,192.168.10.15,50059,96.16.199.170,443,6,0.023747,2,1,1,126,60,66,42.110580,sSE,0.023747
00:1e:4f:d4:ca:28,00:c1:b1:14:eb:31,192.168.10.15,50061,96.16.199.170,443,6,0.024228,2,1,1,126,60,66,41.274559,sSE,0.024228
b8:ac:6f:1d:1f:6c,18:66:da:9b:e3:7d,192.168.10.9,55607,192.168.10.3,53,17,0.047729,4,2,2,448,170,278,62.854866,CON,0.047729
18:66:da:9b:e3:7d,00:c1:b1:14:eb:31,192.168.10.3,62535,192.168.10.1,53,17,0.047354,2,1,1,246,96,150,21.117540,CON,0.047354
b8:ac:6f:1d:1f:6c,18:66:da:9b:e3:7d,192.168.10.9,62473,192.168.10.3,53,17,0.048709,4,2,2,480,172,308,61.590260,CON,0.048709
18:66:da:9b:e3:7d,00:c1:b1:14:eb:31,192.168.10.3,60134,192.168.10.1,53,17,0.048308,2,1,1,262,97,165,20.700504,CON,0.048308
b8:ac:6f:1d:1f:6c,18:66:da:9b:e3:7d,192.168.10.9,65177,192.168.10.3,53,17,0.024053,4,2,2,718,152,566,124.724564,CON,0.024053
18:66:da:9b:e3:7d,00:c1:b1:14:eb:31,192.168.10.3,61876,192.168.10.1,53,17,0.023577,2,1,1,400,136,264,42.414219,CON,0.023577
b8:ac:6f:1d:1f:6c,18:66:da:9b:e3:7d,192.168.10.9,53670,192.168.10.3,53,17,0.000175,4,2,2,324,146,178,17142.857422,CON,0.000175
b8:ac:6f:1d:1f:6c,18:66:da:9b:e3:7d,192.168.10.9,50039,192.168.10.3,53,17,0.030549,4,2,2,438,146,292,98.202888,CON,0.030549
18:66:da:9b:e3:7d,00:c1:b1:14:eb:31,192.168.10.3,61633,192.168.10.1,53,17,0.030189,2,1,1,241,84,157,33.124649,CON,0.030189
b8:ac:6f:1d:1f:6c,00:c1:b1:14:eb:31,192.168.10.9,62757,52.84.143.148,80,6,0.022110,2,1,1,126,60,66,45.228401,sSE,0.022110
b8:ac:6f:1d:1f:6c,18:66:da:9b:e3:7d,192.168.10.9,51635,192.168.10.3,53,17,0.000032,4,2,2,756,250,506,93750.000000,CON,0.000032
b8:ac:6f:1d:1f:6c,00:c1:b1:14:eb:31,192.168.10.9,63339,68.67.178.111,80,6,0.032093,3,2,1,180,120,60,62.318886,sSEf,0.032093
b8:ac:6f:1d:1f:6c,00:c1:b1:14:eb:31,192.168.10.9,63336,169.55.70.244,80,6,0.046458,4,2,2,421,120,301,64.574455,sSEfR,0.046458
b8:ac:6f:1d:1f:6c,00:c1:b1:14:eb:31,192.168.10.9,63325,23.194.141.30,80,6,0.023002,3,2,1,180,120,60,86.948959,sSEf,0.023002
b8:ac:6f:1d:1f:6c,00:c1:b1:14:eb:31,192.168.10.9,63327,23.194.141.30,80,6,0.022959,3,2,1,180,120,60,87.111809,sSEf,0.022959
b8:ac:6f:1d:1f:6c,00:c1:b1:14:eb:31,192.168.10.9,63340,151.101.129.108,80,6,0.015151,3,2,1,180,120,60,132.004486,sSEf,0.015151
b8:ac:6f:1d:1f:6c,00:c1:b1:14:eb:31,192.168.10.9,63009,52.84.145.148,443,6,0.022226,5,3,2,325,205,120,179.969406,sSEfF,0.022226
b8:ac:6f:1d:1f:6c,18:66:da:9b:e3:7d,192.168.10.9,62253,192.168.10.3,53,17,0.000185,4,2,2,466,172,294,16216.216797,CON,0.000185
00:1e:4f:d4:ca:28,00:c1:b1:14:eb:31,192.168.10.15,50078,23.50.75.27,80,6,0.023571,2,1,1,126,60,66,42.425014,sSE,0.023571
00:1e:4f:d4:ca:28,00:c1:b1:14:eb:31,192.168.10.15,50079,23.50.75.27,80,6,0.023537,2,1,1,126,60,66,42.486298,sSE,0.023537
b8:ac:6f:1d:1f:6c,18:66:da:9b:e3:7d,192.168.10.9,50135,192.168.10.3,53,17,0.048491,4,2,2,454,172,282,61.867149,CON,0.048491
b8:ac:6f:1d:1f:6c,18:66:da:9b:e3:7d,192.168.10.9,52294,192.168.10.3,53,17,0.061668,4,2,2,600,172,428,48.647594,CON,0.061668
18:66:da:9b:e3:7d,00:c1:b1:14:eb:31,192.168.10.3,60874,192.168.10.1,53,17,0.047997,2,1,1,249,97,152,20.834635,CON,0.047997
18:66:da:9b:e3:7d,00:c1:b1:14:eb:31,192.168.10.3,60900,192.168.10.1,53,17,0.061118,2,1,1,322,97,225,16.361792,CON,0.061118
b8:ac:6f:1d:1f:6c,18:66:da:9b:e3:7d,192.168.10.9,53361,192.168.10.3,53,17,0.032872,4,2,2,454,172,282,91.263084,CON,0.032872
18:66:da:9b:e3:7d,00:c1:b1:14:eb:31,192.168.10.3,61817,192.168.10.1,53,17,0.032400,2,1,1,249,97,152,30.864197,CON,0.032400
b8:ac:6f:36:0b:a8,00:c1:b1:14:eb:31,192.168.10.51,33215,104.154.73.75,443,6,5.047886,7,3,4,493,198,295,1.188616,sSEfF,5.047886
b8:ac:6f:1d:1f:6c,18:66:da:9b:e3:7d,192.168.10.9,54704,192.168.10.3,53,17,0.000007,4,2,2,600,172,428,428571.437500,CON,0.000007
b8:ac:6f:1d:1f:6c,18:66:da:9b:e3:7d,192.168.10.9,49268,192.168.10.3,53,17,0.000957,4,2,2,486,152,334,3134.796143,CON,0.000957
18:66:da:9b:e3:7d,00:c1:b1:14:eb:31,192.168.10.3,61865,192.168.10.1,53,17,0.000505,2,1,1,254,95,159,1980.197998,CON,0.000505
b8:ac:6f:1d:1f:6c,18:66:da:9b:e3:7d,192.168.10.9,55523,192.168.10.3,53,17,0.000210,4,2,2,486,152,334,14285.714844,CON,0.000210
b8:ac:6f:1d:1f:6c,18:66:da:9b:e3:7d,192.168.10.9,62743,192.168.10.3,53,17,0.000200,4,2,2,464,168,296,15000.000000,CON,0.000200
b8:ac:6f:1d:1f:6c,18:66:da:9b:e3:7d,192.168.10.9,54384,192.168.10.3,53,17,0.031096,4,2,2,324,146,178,96.475433,CON,0.031096
18:66:da:9b:e3:7d,00:c1:b1:14:eb:31,192.168.10.3,61136,192.168.10.1,53,17,0.030693,2,1,1,184,84,100,32.580719,CON,0.030693
b8:ac:6f:1d:1f:6c,00:c1:b1:14:eb:31,192.168.10.9,63213,23.194.108.16,443,6,0.023679,2,1,1,126,60,66,42.231514,sSE,0.023679
b8:ac:6f:1d:1f:6c,18:66:da:9b:e3:7d,192.168.10.9,49227,192.168.10.3,53,17,0.000008,4,2,2,324,146,178,375000.000000,CON,0.000008
b8:ac:6f:1d:1f:6c,18:66:da:9b:e3:7d,192.168.10.9,56259,192.168.10.3,53,17,0.000160,4,2,2,324,146,178,18750.000000,CON,0.000160
b8:ac:6f:1d:1f:6c,00:c1:b1:14:eb:31,192.168.10.9,63204,152.163.56.2,443,6,0.028265,2,1,1,120,60,60,35.379444,sSE,0.028265
b8:ac:6f:1d:1f:6c,00:c1:b1:14:eb:31,192.168.10.9,63064,198.54.12.145,443,6,0.059259,2,1,1,120,60,60,16.875074,sSE,0.059259
b8:ac:6f:1d:1f:6c,00:c1:b1:14:eb:31,192.168.10.9,63211,52.6.174.16,443,6,0.051222,2,1,1,126,60,66,19.522861,sSE,0.051222
b8:ac:6f:1d:1f:6c,00:c1:b1:14:eb:31,192.168.10.9,63088,23.61.187.27,80,6,4.679751,5,3,2,306,180,126,0.854746,sSEfF,4.679751
b8:ac:6f:1d:1f:6c,00:c1:b1:14:eb:31,192.168.10.9,63033,192.35.249.124,80,6,2.360365,19,8,11,12027,480,11547,7.625939,sSE,2.360365
b8:ac:6f:1d:1f:6c,00:c1:b1:14:eb:31,192.168.10.9,63286,107.22.220.201,443,6,4.952777,5,2,3,353,120,233,0.807628,sSEfF,4.952777
00:1e:4f:d4:ca:28,00:c1:b1:14:eb:31,192.168.10.15,50077,200.196.157.197,443,6,0.164744,2,1,1,120,60,60,6.070024,sSE,0.164744
b8:ac:6f:1d:1f:6c,00:c1:b1:14:eb:31,192.168.10.9,63093,173.222.140.253,443,6,0.023034,2,1,1,126,60,66,43.414082,sSE,0.023034
b8:ac:6f:1d:1f:6c,00:c1:b1:14:eb:31,192.168.10.9,63460,156.154.202.32,80,6,0.062922,3,2,1,188,126,62,31.785385,sSE,0.062922
b8:ac:6f:1d:1f:6c,00:c1:b1:14:eb:31,192.168.10.9,63461,52.201.35.194,80,6,4.988275,21,11,10,8424,4452,3972,4.009402,sSE,4.988275
b8:ac:6f:1d:1f:6c,00:c1:b1:14:eb:31,192.168.10.9,63343,198.57.30.31,80,6,0.271031,4,2,2,994,549,445,11.068845,sSE,0.271031
b8:ac:6f:1d:1f:6c,18:66:da:9b:e3:7d,192.168.10.9,62501,192.168.10.3,53,17,0.031292,4,2,2,408,146,262,95.871155,CON,0.031292
18:66:da:9b:e3:7d,00:c1:b1:14:eb:31,192.168.10.3,60519,192.168.10.1,53,17,0.030739,2,1,1,214,99,115,32.531963,CON,0.030739
b8:ac:6f:1d:1f:6c,18:66:da:9b:e3:7d,192.168.10.9,55650,192.168.10.3,53,17,0.000134,4,2,2,384,176,208,22388.058594,CON,0.000134
b8:ac:6f:1d:1f:6c,18:66:da:9b:e3:7d,192.168.10.9,59918,192.168.10.3,53,17,0.030998,4,2,2,518,160,358,96.780434,CON,0.030998
18:66:da:9b:e3:7d,00:c1:b1:14:eb:31,192.168.10.3,60867,192.168.10.1,53,17,0.030565,2,1,1,200,92,108,32.717159,CON,0.030565
00:23:ae:9b:ad:b3,18:66:da:9b:e3:7d,192.168.10.19,10793,192.168.10.3,53,17,0.000002,2,0,2,138,0,138,500000.000000,RSP,0.000002
00:23:ae:9b:ad:b3,18:66:da:9b:e3:7d,192.168.10.19,54316,192.168.10.3,53,17,0.000002,2,0,2,138,0,138,500000.000000,RSP,0.000002
00:23:ae:9b:ad:b3,18:66:da:9b:e3:7d,192.168.10.19,0x0303,192.168.10.3,0x2cd4,1,0.000002,2,2,0,194,194,0,500000.000000,URP,0.000002
00:23:ae:9b:ad:b3,18:66:da:9b:e3:7d,192.168.10.19,54334,192.168.10.3,53,17,0.000002,2,2,0,138,138,0,500000.000000,INT,0.000002
00:23:ae:9b:ad:b3,18:66:da:9b:e3:7d,192.168.10.19,12152,192.168.10.3,53,17,0.000001,2,2,0,138,138,0,1000000.000000,INT,0.000001
18:66:da:9b:e3:7d,00:c1:b1:14:eb:31,192.168.10.3,61379,192.168.10.1,53,17,0.306067,2,1,1,160,80,80,3.267259,CON,0.306067
18:66:da:9b:e3:7d,00:c1:b1:14:eb:31,192.168.10.3,61157,192.168.10.1,53,17,0.346116,2,1,1,160,80,80,2.889205,CON,0.346116
b8:ac:6f:1d:1f:6c,18:66:da:9b:e3:7d,192.168.10.9,54393,192.168.10.3,53,17,0.000174,4,2,2,356,162,194,17241.378906,CON,0.000174
b8:ac:6f:1d:1f:6c,00:c1:b1:14:eb:31,192.168.10.9,62901,72.21.91.29,80,6,0.275489,4,2,2,1459,549,910,10.889727,sSE,0.275489
b8:ac:6f:1d:1f:6c,00:c1:b1:14:eb:31,192.168.10.9,63090,198.54.12.145,443,6,0.059152,2,1,1,120,60,60,16.905600,sSE,0.059152
b8:ac:6f:1d:1f:6c,00:c1:b1:14:eb:31,192.168.10.9,63250,23.208.218.66,443,6,0.038592,2,1,1,126,60,66,25.912106,sSE,0.038592
b8:ac:6f:1d:1f:6c,00:c1:b1:14:eb:31,192.168.10.9,63353,173.241.242.143,80,6,0.275858,5,3,2,1531,787,744,14.500213,sSE,0.275858
b8:ac:6f:1d:1f:6c,00:c1:b1:14:eb:31,192.168.10.9,63199,172.217.12.166,443,6,0.274249,5,2,3,426,166,260,14.585286,sSE,0.274249
b8:ac:6f:1d:1f:6c,00:c1:b1:14:eb:31,192.168.10.9,62605,157.240.2.25,443,6,0.138758,4,2,2,366,166,200,21.620375,sSE,0.138758
b8:ac:6f:1d:1f:6c,00:c1:b1:14:eb:31,192.168.10.9,63098,104.97.73.166,443,6,4.994181,8,4,4,536,265,271,1.401631,sSEfR,4.994181
b8:ac:6f:1d:1f:6c,18:66:da:9b:e3:7d,192.168.10.9,57867,192.168.10.3,53,17,0.023966,4,2,2,612,178,434,125.177338,CON,0.023966
18:66:da:9b:e3:7d,00:c1:b1:14:eb:31,192.168.10.3,62148,192.168.10.1,53,17,0.023422,2,1,1,328,100,228,42.694901,CON,0.023422
b8:ac:6f:1d:1f:6c,18:66:da:9b:e3:7d,192.168.10.9,56459,192.168.10.3,53,17,0.031288,4,2,2,454,172,282,95.883400,CON,0.031288
18:66:da:9b:e3:7d,00:c1:b1:14:eb:31,192.168.10.3,61663,192.168.10.1,53,17,0.030861,2,1,1,249,97,152,32.403358,CON,0.030861
b8:ac:6f:1d:1f:6c,18:66:da:9b:e3:7d,192.168.10.9,60146,192.168.10.3,53,17,0.000214,4,2,2,612,178,434,14018.691406,CON,0.000214
b8:ac:6f:1d:1f:6c,18:66:da:9b:e3:7d,192.168.10.9,57837,192.168.10.3,53,17,0.078787,4,2,2,316,142,174,38.077347,CON,0.078787
18:66:da:9b:e3:7d,00:c1:b1:14:eb:31,192.168.10.3,60969,192.168.10.1,53,17,0.078544,2,1,1,180,82,98,12.731717,CON,0.078544
b8:ac:6f:1d:1f:6c,00:c1:b1:14:eb:31,192.168.10.9,62912,23.61.187.27,80,6,1.882307,6,3,3,366,180,186,2.656315,sSEfF,1.882307
b8:ac:6f:1d:1f:6c,18:66:da:9b:e3:7d,192.168.10.9,64867,192.168.10.3,53,17,0.000174,4,2,2,316,142,174,17241.378906,CON,0.000174
b8:ac:6f:1d:1f:6c,18:66:da:9b:e3:7d,192.168.10.9,55578,192.168.10.3,53,17,0.031010,4,2,2,408,142,266,96.742989,CON,0.031010
18:66:da:9b:e3:7d,00:c1:b1:14:eb:31,192.168.10.3,61653,192.168.10.1,53,17,0.030606,2,1,1,226,82,144,32.673332,CON,0.030606
b8:ac:6f:1d:1f:6c,00:c1:b1:14:eb:31,192.168.10.9,63462,199.244.50.41,80,6,2.118279,18,11,7,4150,2334,1816,8.025383,sSE,2.118279
b8:ac:6f:1d:1f:6c,00:c1:b1:14:eb:31,192.168.10.9,63463,199.38.165.156,80,6,4.252203,12,7,5,4646,3329,1317,2.586894,sSE,4.252203
b8:ac:6f:1d:1f:6c,00:c1:b1:14:eb:31,192.168.10.9,63110,172.217.10.142,80,6,0.036766,2,1,1,126,60,66,27.199043,sSE,0.036766
b8:ac:6f:1d:1f:6c,00:c1:b1:14:eb:31,192.168.10.9,63108,129.146.14.101,80,6,2.225751,6,4,2,2250,1123,1127,2.246433,sSE,2.225751
b8:ac:6f:1d:1f:6c,00:c1:b1:14:eb:31,192.168.10.9,63345,199.38.164.55,80,6,4.541922,11,3,8,6150,180,5970,2.201711,sSEfFR,4.541922
b8:ac:6f:1d:1f:6c,18:66:da:9b:e3:7d,192.168.10.9,59471,192.168.10.3,53,17,0.031162,4,2,2,486,152,334,96.271103,CON,0.031162
18:66:da:9b:e3:7d,00:c1:b1:14:eb:31,192.168.10.3,61643,192.168.10.1,53,17,0.030639,2,1,1,254,95,159,32.638142,CON,0.030639
b8:ac:6f:1d:1f:6c,18:66:da:9b:e3:7d,192.168.10.9,61921,192.168.10.3,53,17,0.000027,4,2,2,464,168,296,111111.109375,CON,0.000027
b8:ac:6f:1d:1f:6c,00:c1:b1:14:eb:31,192.168.10.9,63308,68.67.178.111,80,6,0.271581,4,2,2,2673,1369,1304,11.046429,sSE,0.271581
b8:ac:6f:1d:1f:6c,00:c1:b1:14:eb:31,192.168.10.9,62875,172.217.10.130,80,6,3.937405,15,7,8,6424,1558,4866,3.555641,sSE,3.937405
b8:ac:6f:1d:1f:6c,00:c1:b1:14:eb:31,192.168.10.9,63464,68.67.178.132,80,6,0.269931,7,4,3,1704,1487,217,22.227903,sSE,0.269931
b8:ac:6f:1d:1f:6c,00:c1:b1:14:eb:31,192.168.10.9,63465,34.192.57.170,80,6,0.541856,9,5,4,2193,741,1452,14.764071,sSE,0.541856
b8:ac:6f:1d:1f:6c,00:c1:b1:14:eb:31,192.168.10.9,63466,199.38.164.47,80,6,3.921095,12,6,6,4584,3211,1373,2.805339,sSE,3.921095
b8:ac:6f:1d:1f:6c,00:c1:b1:14:eb:31,192.168.10.9,63467,199.38.164.47,80,6,2.727792,12,4,8,2200,252,1948,4.032566,sSE,2.727792
b8:ac:6f:1d:1f:6c,00:c1:b1:14:eb:31,192.168.10.9,63468,68.67.178.132,80,6,0.032207,3,2,1,192,126,66,62.098301,sSE,0.032207
b8:ac:6f:1d:1f:6c,00:c1:b1:14:eb:31,192.168.10.9,63307,68.67.178.111,80,6,0.144869,4,2,2,240,120,120,20.708364,sSEfF,0.144869
b8:ac:6f:1d:1f:6c,00:c1:b1:14:eb:31,192.168.10.9,63312,68.67.178.111,80,6,0.098010,4,2,2,240,120,120,30.609121,sSEfF,0.098010
b8:ac:6f:1d:1f:6c,00:c1:b1:14:eb:31,192.168.10.9,63469,173.241.242.143,80,6,4.610462,13,8,5,3286,1732,1554,2.602776,sSE,4.610462
b8:ac:6f:1d:1f:6c,00:c1:b1:14:eb:31,192.168.10.9,63470,173.241.242.143,80,6,1.968171,14,7,7,2730,1056,1674,6.605117,sSE,1.968171
b8:ac:6f:1d:1f:6c,00:c1:b1:14:eb:31,192.168.10.9,63306,152.163.13.79,80,6,0.094205,2,1,1,120,60,60,10.615148,sSE,0.094205
b8:ac:6f:1d:1f:6c,00:c1:b1:14:eb:31,192.168.10.9,63302,152.163.13.79,80,6,0.094207,2,1,1,120,60,60,10.614922,sSE,0.094207
b8:ac:6f:1d:1f:6c,00:c1:b1:14:eb:31,192.168.10.9,63350,198.8.70.209,80,6,4.379458,4,2,2,240,120,120,0.685016,sSEf,4.379458
b8:ac:6f:1d:1f:6c,00:c1:b1:14:eb:31,192.168.10.9,63349,199.38.164.55,80,6,4.374205,4,2,2,240,120,120,0.685839,sSEf,4.374205
b8:ac:6f:1d:1f:6c,00:c1:b1:14:eb:31,192.168.10.9,63352,199.38.164.55,80,6,4.374105,4,2,2,240,120,120,0.685855,sSEf,4.374105
b8:ac:6f:1d:1f:6c,00:c1:b1:14:eb:31,192.168.10.9,63341,151.101.129.108,80,6,0.015109,3,2,1,180,120,60,132.371429,sSEf,0.015109
b8:ac:6f:1d:1f:6c,00:c1:b1:14:eb:31,192.168.10.9,63347,199.38.164.38,80,6,4.288957,4,2,2,240,120,120,0.699471,sSEf,4.288957
b8:ac:6f:1d:1f:6c,00:c1:b1:14:eb:31,192.168.10.9,63367,52.8.84.227,80,6,0.110461,4,2,2,240,120,120,27.158907,sSEf,0.110461
b8:ac:6f:1d:1f:6c,00:c1:b1:14:eb:31,192.168.10.9,63354,173.241.242.143,80,6,0.036285,3,2,1,361,120,241,55.119194,sSEfR,0.036285
b8:ac:6f:1d:1f:6c,00:c1:b1:14:eb:31,192.168.10.9,63344,198.57.30.31,80,6,0.037675,4,2,2,240,120,120,79.628403,sSEf,0.037675
b8:ac:6f:36:0a:8b,00:c1:b1:14:eb:31,192.168.10.5,51315,199.59.148.12,443,6,0.086906,2,1,1,126,60,66,11.506685,E,0.086906
b8:ac:6f:36:07:ee,00:c1:b1:14:eb:31,192.168.10.14,51746,52.38.5.243,443,6,0.083979,2,1,1,120,60,60,11.907739,sSE,0.083979
b8:ac:6f:1d:1f:6c,00:c1:b1:14:eb:31,192.168.10.9,63313,169.55.70.175,80,6,4.982944,6,3,3,366,180,186,1.003423,sSEfF,4.982944
b8:ac:6f:1d:1f:6c,00:c1:b1:14:eb:31,192.168.10.9,63471,54.192.36.150,443,6,0.481465,20,10,10,10097,2071,8026,39.462887,sSE,0.481465
b8:ac:6f:1d:1f:6c,00:c1:b1:14:eb:31,192.168.10.9,63472,54.192.36.150,443,6,0.457448,14,6,8,6466,1831,4635,28.418530,sSE,0.457448
b8:ac:6f:1d:1f:6c,00:c1:b1:14:eb:31,192.168.10.9,63473,54.192.36.150,443,6,0.424714,20,9,11,11415,2010,9405,44.735989,sSE,0.424714
b8:ac:6f:1d:1f:6c,00:c1:b1:14:eb:31,192.168.10.9,63474,54.192.36.150,443,6,0.327638,12,7,5,2347,1891,456,33.573639,sSE,0.327638
b8:ac:6f:1d:1f:6c,00:c1:b1:14:eb:31,192.168.10.9,63475,38.71.5.33,443,6,1.287752,21,8,13,7575,1189,6386,15.530940,sSE,1.287752
b8:ac:6f:1d:1f:6c,00:c1:b1:14:eb:31,192.168.10.9,63476,204.154.111.111,80,6,0.817316,8,5,3,1021,614,407,8.564619,sSEfF,0.817316
b8:ac:6f:36:0a:8b,00:c1:b1:14:eb:31,192.168.10.5,51316,199.59.150.10,443,6,0.088085,2,1,1,126,60,66,11.352671,E,0.088085
b8:ac:6f:1d:1f:6c,00:c1:b1:14:eb:31,192.168.10.9,63378,8.43.72.98,80,6,1.605197,4,2,2,1261,120,1141,1.868930,sSE,1.605197
b8:ac:6f:36:07:ee,00:c1:b1:14:eb:31,192.168.10.14,51747,52.84.145.42,443,6,0.021912,2,1,1,126,60,66,45.637096,sSE,0.021912
b8:ac:6f:1d:1f:6c,18:66:da:9b:e3:7d,192.168.10.9,51077,192.168.10.3,53,17,0.048891,4,2,2,620,150,470,61.360985,CON,0.048891
18:66:da:9b:e3:7d,00:c1:b1:14:eb:31,192.168.10.3,61369,192.168.10.1,53,17,0.048373,2,1,1,332,86,246,20.672689,CON,0.048373
b8:ac:6f:1d:1f:6c,00:c1:b1:14:eb:31,192.168.10.9,63477,50.18.172.166,80,6,4.610334,12,6,6,4146,1446,2700,2.385944,sSE,4.610334
b8:ac:6f:1d:1f:6c,00:c1:b1:14:eb:31,192.168.10.9,63478,63.251.248.136,80,6,0.992903,10,5,5,1352,781,571,9.064329,sSEfF,0.992903
b8:ac:6f:1d:1f:6c,00:c1:b1:14:eb:31,192.168.10.9,63479,63.251.248.136,80,6,0.992740,9,4,5,832,246,586,8.058505,sSEfF,0.992740
b8:ac:6f:1d:1f:6c,00:c1:b1:14:eb:31,192.168.10.9,63304,152.163.13.79,80,6,0.093755,2,1,1,120,60,60,10.666098,sSE,0.093755
b8:ac:6f:1d:1f:6c,00:c1:b1:14:eb:31,192.168.10.9,63305,152.163.13.79,80,6,0.093762,2,1,1,120,60,60,10.665301,sSE,0.093762
b8:ac:6f:1d:1f:6c,18:66:da:9b:e3:7d,192.168.10.9,55058,192.168.10.3,53,17,0.098537,4,2,2,402,174,228,30.445417,CON,0.098537
b8:ac:6f:1d:1f:6c,18:66:da:9b:e3:7d,192.168.10.9,49937,192.168.10.3,53,17,0.031397,4,2,2,464,172,292,95.550529,CON,0.031397
18:66:da:9b:e3:7d,00:c1:b1:14:eb:31,192.168.10.3,60947,192.168.10.1,53,17,0.098140,2,1,1,223,98,125,10.189525,CON,0.098140
b8:ac:6f:1d:1f:6c,18:66:da:9b:e3:7d,192.168.10.9,54943,192.168.10.3,53,17,0.000279,4,2,2,620,150,470,10752.688477,CON,0.000279
18:66:da:9b:e3:7d,00:c1:b1:14:eb:31,192.168.10.3,62472,192.168.10.1,53,17,0.030978,2,1,1,254,97,157,32.280975,CON,0.030978
b8:ac:6f:1d:1f:6c,00:c1:b1:14:eb:31,192.168.10.9,63303,152.163.13.79,80,6,0.093825,2,1,1,120,60,60,10.658140,sSE,0.093825
b8:ac:6f:1d:1f:6c,00:c1:b1:14:eb:31,192.168.10.9,63480,34.198.16.86,443,6,1.168538,16,8,8,7635,1333,6302,12.836554,sSE,1.168538
b8:ac:6f:1d:1f:6c,00:c1:b1:14:eb:31,192.168.10.9,63481,173.241.242.143,443,6,1.619958,17,9,8,5769,1520,4249,9.876799,sSE,1.619958
b8:ac:6f:1d:1f:6c,00:c1:b1:14:eb:31,192.168.10.9,63482,216.58.219.226,80,6,0.036512,3,2,1,192,126,66,54.776512,sSE,0.036512
b8:ac:6f:1d:1f:6c,18:66:da:9b:e3:7d,192.168.10.9,52343,192.168.10.3,53,17,0.031171,4,2,2,734,150,584,96.243301,CON,0.031171
18:66:da:9b:e3:7d,00:c1:b1:14:eb:31,192.168.10.3,61589,192.168.10.1,53,17,0.030455,2,1,1,368,120,248,32.835331,CON,0.030455
b8:ac:6f:1d:1f:6c,00:c1:b1:14:eb:31,192.168.10.9,63012,34.202.143.194,443,6,0.304181,3,2,1,260,160,100,6.575032,sSE,0.304181
b8:ac:6f:1d:1f:6c,00:c1:b1:14:eb:31,192.168.10.9,63239,52.2.96.185,80,6,0.050660,2,1,1,126,60,66,19.739439,sSE,0.050660
b8:ac:6f:1d:1f:6c,18:66:da:9b:e3:7d,192.168.10.9,50342,192.168.10.3,53,17,0.000238,4,2,2,692,218,474,12605.041992,CON,0.000238
b8:ac:6f:1d:1f:6c,00:c1:b1:14:eb:31,192.168.10.9,63257,107.178.240.89,80,6,0.053304,2,1,1,126,60,66,18.760317,sSE,0.053304
b8:ac:6f:1d:1f:6c,00:c1:b1:14:eb:31,192.168.10.9,63483,173.241.242.143,80,6,0.036139,3,2,1,192,126,66,55.341873,sSE,0.036139
b8:ac:6f:1d:1f:6c,00:c1:b1:14:eb:31,192.168.10.9,63484,204.154.111.111,80,6,1.035875,11,7,4,5017,1691,3326,9.653675,sSE,1.035875
b8:ac:6f:1d:1f:6c,00:c1:b1:14:eb:31,192.168.10.9,63485,204.154.111.111,80,6,0.935847,10,6,4,5249,1923,3326,9.616957,sSE,0.935847
b8:ac:6f:1d:1f:6c,00:c1:b1:14:eb:31,192.168.10.9,63315,165.254.34.231,80,6,0.022960,2,1,1,126,60,66,43.554008,sSE,0.022960
b8:ac:6f:36:04:e3,00:c1:b1:14:eb:31,192.168.10.12,50622,92.45.106.166,80,6,0.148820,2,1,1,120,60,60,6.719527,sSE,0.148820
b8:ac:6f:36:0a:8b,00:c1:b1:14:eb:31,192.168.10.5,51847,35.186.253.0,443,6,0.054437,2,1,1,126,60,66,18.369858,sSE,0.054437
b8:ac:6f:1d:1f:6c,00:c1:b1:14:eb:31,192.168.10.9,63486,38.71.5.33,443,6,1.019431,24,10,14,7806,1315,6491,22.561605,sSE,1.019431
b8:ac:6f:1d:1f:6c,00:c1:b1:14:eb:31,192.168.10.9,63487,38.71.5.33,443,6,0.774316,24,10,14,7806,1315,6491,29.703634,sSE,0.774316
b8:ac:6f:1d:1f:6c,00:c1:b1:14:eb:31,192.168.10.9,63488,38.71.5.33,443,6,1.023206,24,10,14,7806,1315,6491,22.478367,sSE,1.023206
b8:ac:6f:1d:1f:6c,00:c1:b1:14:eb:31,192.168.10.9,63383,173.241.242.143,80,6,0.000000,1,1,0,60,60,0,0.000000,sSE,0.000000
b8:ac:6f:1d:1f:6c,00:c1:b1:14:eb:31,192.168.10.9,63301,152.163.13.79,80,6,0.093864,2,1,1,120,60,60,10.653711,sSE,0.093864
b8:ac:6f:1d:1f:6c,00:c1:b1:14:eb:31,192.168.10.9,63489,50.19.121.243,80,6,4.346909,21,10,11,4616,998,3618,4.600970,sSEfF,4.346909
b8:ac:6f:1d:1f:6c,00:c1:b1:14:eb:31,192.168.10.9,63283,107.22.220.201,443,6,5.063767,7,3,4,473,180,293,1.184889,sSEfF,5.063767
b8:ac:6f:1d:1f:6c,00:c1:b1:14:eb:31,192.168.10.9,63258,107.178.240.89,80,6,0.053117,2,1,1,126,60,66,18.826365,sSE,0.053117
b8:ac:6f:1d:1f:6c,00:c1:b1:14:eb:31,192.168.10.9,63490,199.244.50.41,80,6,0.700259,8,5,3,1499,851,648,9.996302,sSE,0.700259
b8:ac:6f:1d:1f:6c,00:c1:b1:14:eb:31,192.168.10.9,63260,198.54.12.111,80,6,0.058978,2,1,1,120,60,60,16.955475,sSE,0.058978
b8:ac:6f:1d:1f:6c,18:66:da:9b:e3:7d,192.168.10.9,56861,192.168.10.3,53,17,0.060822,4,2,2,486,152,334,49.324257,CON,0.060822
18:66:da:9b:e3:7d,00:c1:b1:14:eb:31,192.168.10.3,61430,192.168.10.1,53,17,0.060320,2,1,1,202,93,109,16.578249,CON,0.060320
