SrcMac,DstMac,SrcAddr,Sport,DstAddr,Dport,Proto,Mean,TotPkts,SrcPkts,DstPkts,TotBytes,SrcBytes,DstBytes,Rate,State,Dur
b8:ac:6f:36:07:ee,00:c1:b1:14:eb:31,192.168.10.14,50894,54.204.26.20,443,6,4.111031,28,14,14,11861,3718,8143,6.567696,sSE,4.111031
00:23:ae:9b:8a:bf,00:c1:b1:14:eb:31,192.168.10.16,34014,216.200.232.114,443,6,3.590453,20,13,7,6992,3293,3699,5.291811,sSE,3.590453
00:23:ae:9b:8a:bf,00:c1:b1:14:eb:31,192.168.10.16,47676,104.196.13.90,443,6,3.586168,15,10,5,3979,1566,2413,3.903888,sSE,3.586168
00:23:ae:9b:8a:bf,00:c1:b1:14:eb:31,192.168.10.16,41514,209.15.36.32,443,6,3.067457,6,4,2,402,282,120,1.630015,sSER,3.067457
b8:ac:6f:36:07:ee,00:c1:b1:14:eb:31,192.168.10.14,50203,216.200.232.61,443,6,4.295253,9,5,4,3504,2284,1220,1.862521,E,4.295253
00:23:ae:9b:8a:bf,00:c1:b1:14:eb:31,192.168.10.16,40412,52.54.186.98,443,6,3.086243,22,13,9,9290,3114,6176,6.804390,sSE,3.086243
00:23:ae:9b:8a:bf,00:c1:b1:14:eb:31,192.168.10.16,55146,185.167.164.39,443,6,2.954307,27,15,12,7148,1905,5243,8.800710,sSE,2.954307
b8:ac:6f:36:07:ee,00:c1:b1:14:eb:31,192.168.10.14,50823,104.196.189.120,443,6,4.728805,6,4,2,2310,1433,877,1.057350,sSE,4.728805
00:23:ae:9b:8a:bf,00:c1:b1:14:eb:31,192.168.10.16,57930,50.116.194.21,443,6,3.469307,17,10,7,4819,1198,3621,4.611872,sSEfF,3.469307
00:23:ae:9b:8a:bf,00:c1:b1:14:eb:31,192.168.10.16,44396,185.86.139.59,443,6,3.539736,32,16,16,12250,5330,6920,8.757715,sSE,3.539736
00:23:ae:9b:8a:bf,00:c1:b1:14:eb:31,192.168.10.16,41546,209.15.36.32,443,6,3.532793,13,9,4,4228,966,3262,3.396746,sSE,3.532793
00:23:ae:9b:8a:bf,00:c1:b1:14:eb:31,192.168.10.16,53428,23.23.157.167,443,6,4.800931,20,13,7,9213,3530,5683,3.957566,sSE,4.800931
00:23:ae:9b:8a:bf,00:c1:b1:14:eb:31,192.168.10.16,55898,23.50.75.27,80,6,3.975256,4,3,1,696,630,66,0.754668,sSE,3.975256
00:23:ae:9b:8a:bf,00:c1:b1:14:eb:31,192.168.10.16,59754,63.251.98.12,443,6,3.318166,22,13,9,6458,1868,4590,6.328797,sSEfF,3.318166
b8:ac:6f:36:07:ee,00:c1:b1:14:eb:31,192.168.10.14,50657,23.194.181.5,443,6,3.496011,30,16,14,17917,4853,13064,8.295168,sSE,3.496011
00:23:ae:9b:8a:bf,00:c1:b1:14:eb:31,192.168.10.16,54112,23.36.33.160,443,6,2.040111,25,15,10,13975,4819,9156,11.764066,sSE,2.040111
b8:ac:6f:36:07:ee,00:c1:b1:14:eb:31,192.168.10.14,50777,172.217.10.226,443,6,3.641748,16,6,10,2470,795,1675,4.118901,sSE,3.641748
b8:ac:6f:36:07:ee,00:c1:b1:14:eb:31,192.168.10.14,50849,23.36.34.44,443,6,4.600331,30,9,21,7477,1465,6012,6.303895,sSE,4.600331
b8:ac:6f:36:07:ee,00:c1:b1:14:eb:31,192.168.10.14,50912,23.50.75.27,80,6,5.055995,6,4,2,372,246,126,0.988925,sSEf,5.055995
00:23:ae:9b:8a:bf,00:c1:b1:14:eb:31,192.168.10.16,32814,198.54.12.127,443,6,2.642810,15,9,6,5581,2529,3052,5.297391,sSE,2.642810
00:23:ae:9b:8a:bf,00:c1:b1:14:eb:31,192.168.10.16,38120,23.92.189.246,443,6,1.776819,13,9,4,3842,1244,2598,6.753643,sSE,1.776819
00:23:ae:9b:8a:bf,00:c1:b1:14:eb:31,192.168.10.16,58370,185.86.137.42,443,6,2.938071,60,30,30,24372,7467,16905,20.081203,sSE,2.938071
00:23:ae:9b:8a:bf,00:c1:b1:14:eb:31,192.168.10.16,57578,200.42.136.212,443,6,1.857845,37,24,13,13762,2709,11053,19.377291,sSE,1.857845
00:23:ae:9b:8a:bf,00:c1:b1:14:eb:31,192.168.10.16,57580,200.42.136.212,443,6,1.898702,36,23,13,12857,2643,10214,18.433645,sSE,1.898702
00:23:ae:9b:8a:bf,00:c1:b1:14:eb:31,192.168.10.16,57582,200.42.136.212,443,6,1.877949,28,18,10,7704,2313,5391,14.377387,sSE,1.877949
00:23:ae:9b:8a:bf,00:c1:b1:14:eb:31,192.168.10.16,57584,200.42.136.212,443,6,1.921094,57,31,26,30475,3171,27304,29.150059,sSE,1.921094
00:23:ae:9b:8a:bf,00:c1:b1:14:eb:31,192.168.10.16,57586,200.42.136.212,443,6,2.631560,96,48,48,43346,5282,38064,36.100258,sSE,2.631560
00:23:ae:9b:8a:bf,00:c1:b1:14:eb:31,192.168.10.16,57588,200.42.136.212,443,6,2.060890,84,47,37,50197,4227,45970,40.273865,sSE,2.060890
00:23:ae:9b:8a:bf,00:c1:b1:14:eb:31,192.168.10.16,54780,173.194.206.108,465,6,4.827675,45,20,25,8929,2741,6188,9.114119,sSEfFR,4.827675
00:23:ae:9b:8a:bf,00:c1:b1:14:eb:31,192.168.10.16,47874,8.43.72.21,443,6,1.697755,17,10,7,6473,2152,4321,9.424211,sSE,1.697755
00:23:ae:9b:8a:bf,00:c1:b1:14:eb:31,192.168.10.16,54390,152.163.56.2,443,6,1.687538,18,10,8,5615,1568,4047,10.073847,sSE,1.687538
00:23:ae:9b:8a:bf,00:c1:b1:14:eb:31,192.168.10.16,57202,68.67.178.111,443,6,1.079668,15,9,6,6555,2053,4502,12.966949,sSE,1.079668
00:23:ae:9b:8a:bf,00:c1:b1:14:eb:31,192.168.10.16,57204,68.67.178.111,443,6,1.682304,15,9,6,6485,2035,4450,8.321920,sSE,1.682304
00:23:ae:9b:8a:bf,00:c1:b1:14:eb:31,192.168.10.16,49540,54.153.94.27,443,6,1.753842,15,9,6,4858,1282,3576,7.982475,sSE,1.753842
00:23:ae:9b:8a:bf,00:c1:b1:14:eb:31,192.168.10.16,32850,198.54.12.127,443,6,2.442081,15,9,6,5005,2161,2844,5.732816,sSE,2.442081
00:23:ae:9b:8a:bf,00:c1:b1:14:eb:31,192.168.10.16,54154,23.36.33.160,443,6,0.872781,13,7,6,3756,1960,1796,13.749154,sSE,0.872781
00:23:ae:9b:8a:bf,00:c1:b1:14:eb:31,192.168.10.16,38784,67.226.210.12,443,6,3.021736,12,8,4,2197,1152,1045,3.640292,sSE,3.021736
00:23:ae:9b:8a:bf,00:c1:b1:14:eb:31,192.168.10.16,39536,158.69.53.127,443,6,4.292888,17,11,6,5366,1937,3429,3.727094,sSE,4.292888
00:23:ae:9b:8a:bf,00:c1:b1:14:eb:31,192.168.10.16,56894,52.200.58.136,443,6,3.342520,18,10,8,6833,1393,5440,5.085983,sSE,3.342520
00:23:ae:9b:8a:bf,00:c1:b1:14:eb:31,192.168.10.16,51710,169.55.165.137,443,6,3.214550,14,9,5,5380,1325,4055,4.044112,sSE,3.214550
00:23:ae:9b:8a:bf,00:c1:b1:14:eb:31,192.168.10.16,51998,184.73.199.125,443,6,1.198951,18,10,8,2789,1744,1045,14.179062,sSEfF,1.198951
00:23:ae:9b:8a:bf,00:c1:b1:14:eb:31,192.168.10.16,37350,162.208.22.39,443,6,1.602203,16,9,7,6205,1299,4906,9.362109,sSE,1.602203
b8:ac:6f:36:07:ee,00:c1:b1:14:eb:31,192.168.10.14,50916,23.194.181.5,443,6,1.500468,17,10,7,6039,2580,3459,10.663340,sSE,1.500468
b8:ac:6f:36:07:ee,00:c1:b1:14:eb:31,192.168.10.14,50920,34.197.127.212,443,6,1.577020,15,9,6,4987,2153,2834,8.877502,sSE,1.577020
b8:ac:6f:36:07:ee,00:c1:b1:14:eb:31,192.168.10.14,50921,34.197.127.212,443,6,1.776867,24,15,9,9207,4428,4779,12.944131,sSE,1.776867
00:23:ae:9b:8a:bf,00:c1:b1:14:eb:31,192.168.10.16,34918,52.84.145.72,443,6,1.673883,17,9,8,6697,1299,5398,9.558614,sSE,1.673883
00:23:ae:9b:8a:bf,00:c1:b1:14:eb:31,192.168.10.16,50042,173.241.242.143,443,6,5.041888,25,16,9,6383,3246,3137,4.760121,sSE,5.041888
00:23:ae:9b:8a:bf,00:c1:b1:14:eb:31,192.168.10.16,42908,52.71.196.79,443,6,1.581631,16,9,7,5782,1348,4434,9.483881,sSE,1.581631
b8:ac:6f:36:07:ee,00:c1:b1:14:eb:31,192.168.10.14,50671,72.21.91.29,80,6,1.952957,6,4,2,2786,1086,1700,2.560220,sSE,1.952957
b8:ac:6f:36:07:ee,00:c1:b1:14:eb:31,192.168.10.14,50672,72.21.91.29,80,6,1.952957,6,4,2,2786,1086,1700,2.560220,sSE,1.952957
b8:ac:6f:36:07:ee,18:66:da:9b:e3:7d,192.168.10.14,54527,192.168.10.3,53,17,0.124358,8,4,4,976,296,680,56.289101,CON,0.124358
b8:ac:6f:36:07:ee,00:c1:b1:14:eb:31,192.168.10.14,50706,34.197.11.80,443,6,0.050234,2,1,1,120,60,60,19.906836,sSE,0.050234
00:23:ae:9b:8a:bf,18:66:da:9b:e3:7d,192.168.10.16,1652,192.168.10.3,53,17,0.023893,4,2,2,344,156,188,125.559784,CON,0.023893
00:23:ae:9b:8a:bf,18:66:da:9b:e3:7d,192.168.10.16,44456,192.168.10.3,53,17,0.048646,4,2,2,436,156,280,61.670025,CON,0.048646
18:66:da:9b:e3:7d,00:c1:b1:14:eb:31,192.168.10.3,60621,192.168.10.1,53,17,0.023505,2,1,1,194,89,105,42.544140,CON,0.023505
18:66:da:9b:e3:7d,00:c1:b1:14:eb:31,192.168.10.3,61719,192.168.10.1,53,17,0.048206,2,1,1,240,89,151,20.744305,CON,0.048206
00:23:ae:9b:8a:bf,18:66:da:9b:e3:7d,192.168.10.16,59818,192.168.10.3,53,17,0.023827,4,2,2,560,152,408,125.907585,CON,0.023827
00:23:ae:9b:8a:bf,18:66:da:9b:e3:7d,192.168.10.16,43478,192.168.10.3,53,17,0.000192,4,2,2,472,152,320,15624.999023,CON,0.000192
18:66:da:9b:e3:7d,00:c1:b1:14:eb:31,192.168.10.3,61413,192.168.10.1,53,17,0.023329,2,1,1,302,87,215,42.865101,CON,0.023329
00:23:ae:9b:8a:bf,18:66:da:9b:e3:7d,192.168.10.16,20885,192.168.10.3,53,17,0.123377,4,2,2,978,146,832,24.315714,CON,0.123377
00:23:ae:9b:8a:bf,18:66:da:9b:e3:7d,192.168.10.16,16607,192.168.10.3,53,17,0.330617,4,2,2,338,146,192,9.073943,CON,0.330617
18:66:da:9b:e3:7d,00:c1:b1:14:eb:31,192.168.10.3,62034,192.168.10.1,53,17,0.122676,2,1,1,511,84,427,8.151554,CON,0.122676
18:66:da:9b:e3:7d,00:c1:b1:14:eb:31,192.168.10.3,61192,192.168.10.1,53,17,0.329394,2,1,1,269,84,185,3.035878,CON,0.329394
00:23:ae:9b:8a:bf,18:66:da:9b:e3:7d,192.168.10.16,30097,192.168.10.3,53,17,0.024004,4,2,2,382,140,242,124.979172,CON,0.024004
00:23:ae:9b:8a:bf,18:66:da:9b:e3:7d,192.168.10.16,20019,192.168.10.3,53,17,0.061225,4,2,2,350,140,210,48.999592,CON,0.061225
18:66:da:9b:e3:7d,00:c1:b1:14:eb:31,192.168.10.3,60343,192.168.10.1,53,17,0.023585,2,1,1,200,92,108,42.399834,CON,0.023585
18:66:da:9b:e3:7d,00:c1:b1:14:eb:31,192.168.10.3,60408,192.168.10.1,53,17,0.060781,2,1,1,250,92,158,16.452511,CON,0.060781
b8:ac:6f:36:07:ee,00:c1:b1:14:eb:31,192.168.10.14,50660,23.61.187.27,80,6,0.042782,4,2,2,240,120,120,70.122948,sSEfF,0.042782
00:23:ae:9b:8a:bf,00:c1:b1:14:eb:31,192.168.10.16,37564,104.16.165.179,443,6,0.015018,2,1,1,120,60,60,66.586761,E,0.015018
00:23:ae:9b:8a:bf,18:66:da:9b:e3:7d,192.168.10.16,54696,192.168.10.3,53,17,0.264009,4,2,2,516,164,352,11.363249,CON,0.264009
00:23:ae:9b:8a:bf,18:66:da:9b:e3:7d,192.168.10.16,25162,192.168.10.3,53,17,0.070685,4,2,2,484,164,320,42.441818,CON,0.070685
18:66:da:9b:e3:7d,00:c1:b1:14:eb:31,192.168.10.3,62043,192.168.10.1,53,17,0.263529,2,1,1,280,93,187,3.794649,CON,0.263529
18:66:da:9b:e3:7d,00:c1:b1:14:eb:31,192.168.10.3,62014,192.168.10.1,53,17,0.069522,2,1,1,322,93,229,14.383936,CON,0.069522
b8:ac:6f:36:07:ee,18:66:da:9b:e3:7d,192.168.10.14,59758,192.168.10.3,53,17,0.000186,4,2,2,364,166,198,16129.032227,CON,0.000186
00:23:ae:9b:8a:bf,00:c1:b1:14:eb:31,192.168.10.16,47544,199.233.57.18,443,6,4.683390,22,13,9,10815,4275,6540,4.483932,sSE,4.683390
00:23:ae:9b:8a:bf,00:c1:b1:14:eb:31,192.168.10.16,51192,104.199.123.9,443,6,1.734035,15,9,6,6223,1287,4936,8.073655,sSE,1.734035
00:23:ae:9b:8a:bf,00:c1:b1:14:eb:31,192.168.10.16,55940,129.146.14.101,443,6,1.264941,16,9,7,3805,2071,1734,11.858261,sSE,1.264941
00:23:ae:9b:8a:bf,00:c1:b1:14:eb:31,192.168.10.16,40460,34.199.66.174,443,6,3.717206,23,13,10,11391,2444,8947,5.918424,sSE,3.717206
00:23:ae:9b:8a:bf,00:c1:b1:14:eb:31,192.168.10.16,44944,68.67.180.45,443,6,3.702123,17,11,6,7898,3382,4516,4.321845,sSE,3.702123
00:23:ae:9b:8a:bf,18:66:da:9b:e3:7d,192.168.10.16,42569,192.168.10.3,53,17,0.023734,4,2,2,398,162,236,126.400948,CON,0.023734
00:23:ae:9b:8a:bf,18:66:da:9b:e3:7d,192.168.10.16,40185,192.168.10.3,53,17,0.000227,4,2,2,528,162,366,13215.859375,CON,0.000227
18:66:da:9b:e3:7d,00:c1:b1:14:eb:31,192.168.10.3,60650,192.168.10.1,53,17,0.023325,2,1,1,198,91,107,42.872456,CON,0.023325
b8:ac:6f:36:07:ee,18:66:da:9b:e3:7d,192.168.10.14,54246,192.168.10.3,53,17,0.000190,4,2,2,432,154,278,15789.473633,CON,0.000190
b8:ac:6f:36:07:ee,00:c1:b1:14:eb:31,192.168.10.14,50922,199.233.57.18,443,6,2.567478,19,9,10,9832,2878,6954,7.010771,sSE,2.567478
b8:ac:6f:36:07:ee,00:c1:b1:14:eb:31,192.168.10.14,50923,199.233.57.18,443,6,0.243902,12,6,6,5432,674,4758,45.100082,sSE,0.243902
b8:ac:6f:36:07:ee,00:c1:b1:14:eb:31,192.168.10.14,50924,23.23.132.24,443,6,0.209471,12,7,5,4621,1594,3027,52.513237,sSE,0.209471
b8:ac:6f:36:07:ee,18:66:da:9b:e3:7d,192.168.10.14,51323,192.168.10.3,53,17,0.000165,4,2,2,384,176,208,18181.818359,CON,0.000165
b8:ac:6f:36:07:ee,18:66:da:9b:e3:7d,192.168.10.14,59619,192.168.10.3,53,17,0.024162,4,2,2,912,174,738,124.161903,CON,0.024162
18:66:da:9b:e3:7d,00:c1:b1:14:eb:31,192.168.10.3,60958,192.168.10.1,53,17,0.023542,2,1,1,478,98,380,42.477276,CON,0.023542
b8:ac:6f:36:07:ee,18:66:da:9b:e3:7d,192.168.10.14,51013,192.168.10.3,53,17,0.243627,8,4,4,952,352,600,28.732449,CON,0.243627
b8:ac:6f:36:07:ee,00:c1:b1:14:eb:31,192.168.10.14,50925,68.67.178.170,443,6,0.229126,11,6,5,3464,2068,1396,43.644108,sSE,0.229126
b8:ac:6f:36:07:ee,18:66:da:9b:e3:7d,192.168.10.14,59899,192.168.10.3,53,17,0.000208,4,2,2,486,152,334,14423.077148,CON,0.000208
18:66:da:9b:e3:7d,00:c1:b1:14:eb:31,192.168.10.3,61318,192.168.10.1,53,17,0.000520,2,1,1,247,93,154,1923.076904,CON,0.000520
b8:ac:6f:36:07:ee,00:c1:b1:14:eb:31,192.168.10.14,50822,104.196.189.120,443,6,0.253457,3,2,1,1095,667,428,7.890884,sSE,0.253457
b8:ac:6f:36:07:ee,00:c1:b1:14:eb:31,192.168.10.14,50769,172.217.10.238,443,6,1.425756,19,8,11,2562,936,1626,12.624882,sSE,1.425756
b8:ac:6f:36:07:ee,00:c1:b1:14:eb:31,192.168.10.14,50926,68.67.178.170,443,6,0.185154,8,4,4,1183,802,381,37.806366,sSE,0.185154
b8:ac:6f:36:07:ee,00:c1:b1:14:eb:31,192.168.10.14,50927,23.23.132.24,443,6,0.228846,10,6,4,2418,673,1745,39.327759,sSE,0.228846
b8:ac:6f:36:07:ee,00:c1:b1:14:eb:31,192.168.10.14,50798,199.38.164.54,443,6,0.000003,2,0,2,120,0,120,333333.312500,sSEfR,0.000003
b8:ac:6f:36:07:ee,00:c1:b1:14:eb:31,192.168.10.14,50799,199.38.164.54,443,6,0.000002,2,0,2,120,0,120,500000.000000,sSEfR,0.000002
b8:ac:6f:36:0a:8b,00:c1:b1:14:eb:31,192.168.10.5,49449,23.12.36.193,443,6,0.033330,2,1,1,126,60,66,30.003000,sSE,0.033330
00:23:ae:9b:8a:bf,00:c1:b1:14:eb:31,192.168.10.16,56188,23.50.75.27,80,6,0.699898,11,7,4,3416,1334,2082,14.287796,sSE,0.699898
18:66:da:9b:e3:7d,00:c1:b1:14:eb:31,192.168.10.3,60653,192.168.10.1,53,17,0.000490,2,1,1,238,90,148,2040.816284,CON,0.000490
00:1e:4f:d4:ca:28,00:c1:b1:14:eb:31,192.168.10.15,49506,172.217.6.238,80,6,0.036576,2,1,1,126,60,66,27.340334,sSE,0.036576
b8:ac:6f:36:07:ee,00:c1:b1:14:eb:31,192.168.10.14,50928,54.193.23.32,443,6,0.417219,12,7,5,3997,744,3253,26.365049,sSE,0.417219
b8:ac:6f:36:07:ee,00:c1:b1:14:eb:31,192.168.10.14,50929,54.193.23.32,443,6,0.308601,14,8,6,5528,1834,3694,42.125595,sSE,0.308601
b8:ac:6f:36:07:ee,18:66:da:9b:e3:7d,192.168.10.14,51051,192.168.10.3,53,17,0.000306,4,2,2,464,168,296,9803.921875,CON,0.000306
b8:ac:6f:36:07:ee,18:66:da:9b:e3:7d,192.168.10.14,57302,192.168.10.3,53,17,0.048919,4,2,2,332,150,182,61.325867,CON,0.048919
b8:ac:6f:36:07:ee,18:66:da:9b:e3:7d,192.168.10.14,59980,192.168.10.3,53,17,0.049152,4,2,2,316,142,174,61.035152,CON,0.049152
b8:ac:6f:36:07:ee,18:66:da:9b:e3:7d,192.168.10.14,53827,192.168.10.3,53,17,0.000270,4,2,2,528,154,374,11111.111328,CON,0.000270
18:66:da:9b:e3:7d,00:c1:b1:14:eb:31,192.168.10.3,62499,192.168.10.1,53,17,0.048364,2,1,1,188,86,102,20.676537,CON,0.048364
18:66:da:9b:e3:7d,00:c1:b1:14:eb:31,192.168.10.3,60697,192.168.10.1,53,17,0.048631,2,1,1,180,82,98,20.563015,CON,0.048631
b8:ac:6f:36:07:ee,00:c1:b1:14:eb:31,192.168.10.14,50930,151.101.64.166,443,6,0.063743,13,7,6,6417,1339,5078,188.255951,sSE,0.063743
00:23:ae:9b:8a:bf,00:c1:b1:14:eb:31,192.168.10.16,57364,200.42.136.212,443,6,0.268130,6,3,3,427,229,198,18.647671,sSEfF,0.268130
b8:ac:6f:36:07:ee,18:66:da:9b:e3:7d,192.168.10.14,55775,192.168.10.3,53,17,0.000260,4,2,2,692,218,474,11538.461914,CON,0.000260
b8:ac:6f:36:07:ee,18:66:da:9b:e3:7d,192.168.10.14,57399,192.168.10.3,53,17,0.000166,4,2,2,496,184,312,18072.289062,CON,0.000166
00:23:ae:9b:8a:bf,00:c1:b1:14:eb:31,192.168.10.16,57372,200.42.136.212,443,6,0.267589,6,3,3,427,229,198,18.685371,sSEfF,0.267589
00:23:ae:9b:8a:bf,00:c1:b1:14:eb:31,192.168.10.16,57370,200.42.136.212,443,6,0.263993,6,3,3,427,229,198,18.939896,sSEfF,0.263993
b8:ac:6f:36:07:ee,18:66:da:9b:e3:7d,192.168.10.14,62653,192.168.10.3,53,17,0.000231,4,2,2,534,168,366,12987.012695,CON,0.000231
b8:ac:6f:36:07:ee,00:c1:b1:14:eb:31,192.168.10.14,50931,23.36.33.160,443,6,0.781098,22,10,12,12716,3056,9660,26.885231,sSE,0.781098
b8:ac:6f:36:07:ee,18:66:da:9b:e3:7d,192.168.10.14,57335,192.168.10.3,53,17,0.000156,4,2,2,360,164,196,19230.769531,CON,0.000156
00:23:ae:9b:8a:bf,00:c1:b1:14:eb:31,192.168.10.16,57376,200.42.136.212,443,6,0.266556,6,3,3,427,229,198,18.757786,sSEfF,0.266556
b8:ac:6f:36:07:ee,18:66:da:9b:e3:7d,192.168.10.14,58863,192.168.10.3,53,17,0.000168,4,2,2,490,184,306,17857.142578,CON,0.000168
b8:ac:6f:36:07:ee,18:66:da:9b:e3:7d,192.168.10.14,54903,192.168.10.3,53,17,0.071021,4,2,2,558,154,404,42.241028,CON,0.071021
18:66:da:9b:e3:7d,00:c1:b1:14:eb:31,192.168.10.3,60150,192.168.10.1,53,17,0.070592,2,1,1,301,88,213,14.165911,CON,0.070592
00:1e:4f:d4:ca:28,00:c1:b1:14:eb:31,192.168.10.15,49507,52.84.145.67,443,6,0.022129,2,1,1,126,60,66,45.189571,sSE,0.022129
b8:ac:6f:36:07:ee,18:66:da:9b:e3:7d,192.168.10.14,61574,192.168.10.3,53,17,0.071552,4,2,2,514,154,360,41.927547,CON,0.071552
18:66:da:9b:e3:7d,00:c1:b1:14:eb:31,192.168.10.3,61846,192.168.10.1,53,17,0.071167,2,1,1,279,88,191,14.051456,CON,0.071167
b8:ac:6f:36:07:ee,18:66:da:9b:e3:7d,192.168.10.14,50826,192.168.10.3,53,17,0.000252,4,2,2,616,152,464,11904.761719,CON,0.000252
00:23:ae:9b:8a:bf,00:c1:b1:14:eb:31,192.168.10.16,49256,72.21.91.29,80,6,0.891729,6,4,2,2862,1138,1724,5.607085,sSE,0.891729
00:23:ae:9b:8a:bf,00:c1:b1:14:eb:31,192.168.10.16,49258,72.21.91.29,80,6,3.139614,9,6,3,4293,1707,2586,2.548084,sSE,3.139614
00:23:ae:9b:8a:bf,00:c1:b1:14:eb:31,192.168.10.16,58058,50.116.194.21,443,6,1.864880,17,11,6,7244,2969,4275,8.579640,sSE,1.864880
00:23:ae:9b:8a:bf,00:c1:b1:14:eb:31,192.168.10.16,34258,207.200.74.133,443,6,1.394046,18,10,8,6288,1861,4427,12.194720,sSE,1.394046
b8:ac:6f:36:07:ee,00:c1:b1:14:eb:31,192.168.10.14,50932,74.217.250.92,443,6,4.765157,22,11,11,8325,1517,6808,4.406990,sSEfF,4.765157
b8:ac:6f:36:07:ee,00:c1:b1:14:eb:31,192.168.10.14,50933,74.217.250.92,443,6,4.763734,17,9,8,3864,852,3012,3.358710,sSEfF,4.763734
b8:ac:6f:36:0a:8b,00:c1:b1:14:eb:31,192.168.10.5,49452,172.217.12.162,443,6,0.036111,2,1,1,126,60,66,27.692392,sSE,0.036111
00:23:ae:9b:8a:bf,00:c1:b1:14:eb:31,192.168.10.16,43886,107.178.240.89,443,6,1.966521,28,16,12,5156,1831,3325,13.729831,sSE,1.966521
00:23:ae:9b:8a:bf,00:c1:b1:14:eb:31,192.168.10.16,52382,162.248.16.24,443,6,2.324304,23,12,11,7560,1245,6315,9.465199,sSEfF,2.324304
00:23:ae:9b:8a:bf,00:c1:b1:14:eb:31,192.168.10.16,47736,108.59.6.118,443,6,1.764938,18,11,7,6902,1513,5389,9.632067,sSEfF,1.764938
00:23:ae:9b:8a:bf,00:c1:b1:14:eb:31,192.168.10.16,58278,63.251.210.233,443,6,2.805750,19,11,8,9485,1645,7840,6.415397,sSE,2.805750
00:23:ae:9b:8a:bf,00:c1:b1:14:eb:31,192.168.10.16,54198,23.36.33.160,443,6,0.474594,9,5,4,1330,906,424,16.856514,sSE,0.474594
00:23:ae:9b:8a:bf,00:c1:b1:14:eb:31,192.168.10.16,59874,63.251.98.12,443,6,3.843021,21,12,9,6479,1750,4729,5.204239,sSEfF,3.843021
b8:ac:6f:36:07:ee,00:c1:b1:14:eb:31,192.168.10.14,50718,52.84.145.242,443,6,0.022027,2,1,1,126,60,66,45.398827,sSE,0.022027
b8:ac:6f:36:07:ee,00:c1:b1:14:eb:31,192.168.10.14,50934,54.191.84.233,443,6,0.326236,16,8,8,7622,1472,6150,45.978985,sSE,0.326236
b8:ac:6f:36:07:ee,00:c1:b1:14:eb:31,192.168.10.14,50935,34.196.62.106,443,6,1.404590,20,10,10,10923,2131,8792,13.527079,sSE,1.404590
b8:ac:6f:36:07:ee,00:c1:b1:14:eb:31,192.168.10.14,50936,54.220.0.79,443,6,0.699874,16,8,8,7521,1327,6194,21.432430,sSE,0.699874
b8:ac:6f:36:07:ee,00:c1:b1:14:eb:31,192.168.10.14,50937,192.132.33.27,443,6,0.324305,17,8,9,7211,1042,6169,49.336273,sSE,0.324305
b8:ac:6f:36:07:ee,00:c1:b1:14:eb:31,192.168.10.14,50938,192.132.33.27,443,6,0.363936,18,8,10,9359,1665,7694,46.711510,sSE,0.363936
b8:ac:6f:36:07:ee,18:66:da:9b:e3:7d,192.168.10.14,57703,192.168.10.3,53,17,0.000189,4,2,2,512,208,304,15873.015625,CON,0.000189
b8:ac:6f:36:07:ee,18:66:da:9b:e3:7d,192.168.10.14,60143,192.168.10.3,53,17,0.000229,4,2,2,588,166,422,13100.436523,CON,0.000229
b8:ac:6f:36:07:ee,18:66:da:9b:e3:7d,192.168.10.14,51175,192.168.10.3,53,17,0.000256,4,2,2,332,150,182,11718.750000,CON,0.000256
00:23:ae:9b:8a:bf,00:c1:b1:14:eb:31,192.168.10.16,56348,184.28.196.84,443,6,0.024057,6,4,2,446,283,163,207.839706,sSEfFR,0.024057
00:23:ae:9b:8a:bf,00:c1:b1:14:eb:31,192.168.10.16,42040,23.61.187.27,80,6,0.039115,4,2,2,264,132,132,76.696915,sSEf,0.039115
00:23:ae:9b:8a:bf,00:c1:b1:14:eb:31,192.168.10.16,49260,72.21.91.29,80,6,0.023801,3,2,1,198,132,66,84.030083,sSEf,0.023801
00:23:ae:9b:8a:bf,00:c1:b1:14:eb:31,192.168.10.16,50950,104.88.75.116,443,6,0.028907,6,4,2,490,305,185,172.968491,sSEfFR,0.028907
00:23:ae:9b:8a:bf,00:c1:b1:14:eb:31,192.168.10.16,50946,104.88.75.116,443,6,0.025033,6,4,2,490,305,185,199.736343,sSEfFR,0.025033
00:23:ae:9b:8a:bf,00:c1:b1:14:eb:31,192.168.10.16,45936,23.194.141.104,443,6,0.025490,7,4,3,512,283,229,235.386414,sSEfR,0.025490
00:23:ae:9b:8a:bf,00:c1:b1:14:eb:31,192.168.10.16,46640,23.194.181.193,443,6,0.023354,8,5,3,572,343,229,299.734528,sSEfFR,0.023354
b8:ac:6f:36:07:ee,00:c1:b1:14:eb:31,192.168.10.14,50739,63.140.38.156,443,6,1.059358,7,3,4,445,205,240,5.663808,sSEfF,1.059358
b8:ac:6f:36:07:ee,00:c1:b1:14:eb:31,192.168.10.14,50939,50.63.243.230,80,6,0.164445,9,5,4,967,721,246,48.648483,sSEfF,0.164445
b8:ac:6f:36:07:ee,00:c1:b1:14:eb:31,192.168.10.14,50940,50.63.243.230,80,6,0.164027,9,5,4,961,721,240,48.772457,sSEfF,0.164027
b8:ac:6f:36:07:ee,00:c1:b1:14:eb:31,192.168.10.14,50765,68.67.178.196,443,6,0.032680,5,2,3,325,120,205,122.399017,sSEfF,0.032680
b8:ac:6f:36:07:ee,00:c1:b1:14:eb:31,192.168.10.14,50941,50.63.243.230,80,6,1.800843,9,5,4,967,721,246,4.442364,sSEfF,1.800843
00:23:ae:9b:8a:bf,18:66:da:9b:e3:7d,192.168.10.16,53598,192.168.10.3,53,17,0.048644,4,2,2,410,164,246,61.672562,CON,0.048644
00:23:ae:9b:8a:bf,18:66:da:9b:e3:7d,192.168.10.16,5123,192.168.10.3,53,17,0.073313,4,2,2,546,164,382,40.920437,CON,0.073313
18:66:da:9b:e3:7d,00:c1:b1:14:eb:31,192.168.10.3,61965,192.168.10.1,53,17,0.048183,2,1,1,227,93,134,20.754208,CON,0.048183
18:66:da:9b:e3:7d,00:c1:b1:14:eb:31,192.168.10.3,61124,192.168.10.1,53,17,0.072758,2,1,1,295,93,202,13.744194,CON,0.072758
00:23:ae:9b:8a:bf,18:66:da:9b:e3:7d,192.168.10.16,37744,192.168.10.3,53,17,0.069691,4,2,2,446,158,288,43.047165,CON,0.069691
00:23:ae:9b:8a:bf,18:66:da:9b:e3:7d,192.168.10.16,7567,192.168.10.3,53,17,0.072934,4,2,2,414,158,256,41.133080,CON,0.072934
18:66:da:9b:e3:7d,00:c1:b1:14:eb:31,192.168.10.3,60731,192.168.10.1,53,17,0.069256,2,1,1,245,90,155,14.439182,CON,0.069256
18:66:da:9b:e3:7d,00:c1:b1:14:eb:31,192.168.10.3,62490,192.168.10.1,53,17,0.071778,2,1,1,289,90,199,13.931846,CON,0.071778
00:23:ae:9b:8a:bf,18:66:da:9b:e3:7d,192.168.10.16,15254,192.168.10.3,53,17,0.077268,4,2,2,374,146,228,38.825905,CON,0.077268
00:23:ae:9b:8a:bf,18:66:da:9b:e3:7d,192.168.10.16,59099,192.168.10.3,53,17,0.024450,4,2,2,510,146,364,122.699387,CON,0.024450
18:66:da:9b:e3:7d,00:c1:b1:14:eb:31,192.168.10.3,61579,192.168.10.1,53,17,0.076886,2,1,1,209,84,125,13.006269,CON,0.076886
18:66:da:9b:e3:7d,00:c1:b1:14:eb:31,192.168.10.3,61998,192.168.10.1,53,17,0.023997,2,1,1,277,84,193,41.671875,CON,0.023997
18:66:da:9b:e3:7d,00:c1:b1:14:eb:31,192.168.10.3,60130,192.168.10.1,53,17,0.000507,2,1,1,246,93,153,1972.386475,CON,0.000507
00:23:ae:9b:8a:bf,18:66:da:9b:e3:7d,192.168.10.16,51758,192.168.10.3,53,17,0.023930,4,2,2,344,156,188,125.365646,CON,0.023930
00:23:ae:9b:8a:bf,18:66:da:9b:e3:7d,192.168.10.16,38093,192.168.10.3,53,17,0.000219,4,2,2,368,156,212,13698.630859,CON,0.000219
18:66:da:9b:e3:7d,00:c1:b1:14:eb:31,192.168.10.3,62279,192.168.10.1,53,17,0.023528,2,1,1,194,89,105,42.502548,CON,0.023528
00:23:ae:9b:8a:bf,00:c1:b1:14:eb:31,192.168.10.16,40572,52.54.186.98,443,6,0.565163,9,5,4,1032,615,417,14.155208,sSE,0.565163
00:23:ae:9b:8a:bf,00:c1:b1:14:eb:31,192.168.10.16,54204,23.36.33.160,443,6,0.401452,9,5,4,1330,906,424,19.927662,sSE,0.401452
00:23:ae:9b:8a:bf,00:c1:b1:14:eb:31,192.168.10.16,46112,172.217.12.162,443,6,2.092723,33,17,16,9937,2603,7334,15.291083,sSE,2.092723
00:23:ae:9b:8a:bf,00:c1:b1:14:eb:31,192.168.10.16,44384,64.95.32.46,443,6,2.138348,17,10,7,4390,1747,2643,7.482411,sSEfFR,2.138348
b8:ac:6f:36:07:ee,18:66:da:9b:e3:7d,192.168.10.14,64571,192.168.10.3,53,17,0.000249,4,2,2,600,172,428,12048.192383,CON,0.000249
b8:ac:6f:36:07:ee,00:c1:b1:14:eb:31,192.168.10.14,50716,52.214.25.111,443,6,0.102441,2,1,1,126,60,66,9.761717,sSE,0.102441
b8:ac:6f:36:07:ee,00:c1:b1:14:eb:31,192.168.10.14,50819,34.199.71.137,443,6,1.092121,7,4,3,445,240,205,5.493896,sSEfF,1.092121
b8:ac:6f:36:07:ee,00:c1:b1:14:eb:31,192.168.10.14,50942,52.84.143.110,80,6,0.128641,7,4,3,1837,678,1159,46.641430,sSE,0.128641
b8:ac:6f:36:07:ee,00:c1:b1:14:eb:31,192.168.10.14,50943,52.84.143.110,80,6,1.013447,5,3,2,324,192,132,3.946925,sSE,1.013447
b8:ac:6f:36:07:ee,18:66:da:9b:e3:7d,192.168.10.14,61441,192.168.10.3,53,17,0.000274,4,2,2,486,166,320,10948.905273,CON,0.000274
b8:ac:6f:36:07:ee,18:66:da:9b:e3:7d,192.168.10.14,55069,192.168.10.3,53,17,0.048829,4,2,2,578,208,370,61.438900,CON,0.048829
18:66:da:9b:e3:7d,00:c1:b1:14:eb:31,192.168.10.3,60387,192.168.10.1,53,17,0.048421,2,1,1,311,115,196,20.652197,CON,0.048421
b8:ac:6f:36:07:ee,18:66:da:9b:e3:7d,192.168.10.14,57290,192.168.10.3,53,17,0.048002,4,2,2,416,150,266,62.497395,CON,0.048002
18:66:da:9b:e3:7d,00:c1:b1:14:eb:31,192.168.10.3,61425,192.168.10.1,53,17,0.047636,2,1,1,230,86,144,20.992527,CON,0.047636
b8:ac:6f:36:07:ee,00:c1:b1:14:eb:31,192.168.10.14,50594,172.217.10.74,443,6,0.146173,41,14,27,36899,1012,35887,273.648346,sSE,0.146173
b8:ac:6f:36:07:ee,00:c1:b1:14:eb:31,192.168.10.14,50944,74.217.253.61,443,6,0.144833,12,7,5,4676,1653,3023,75.949539,sSE,0.144833
b8:ac:6f:36:07:ee,18:66:da:9b:e3:7d,192.168.10.14,62806,192.168.10.3,53,17,0.048946,4,2,2,460,174,286,61.292034,CON,0.048946
18:66:da:9b:e3:7d,00:c1:b1:14:eb:31,192.168.10.3,60277,192.168.10.1,53,17,0.048591,2,1,1,252,98,154,20.579943,CON,0.048591
00:23:ae:9b:8a:bf,00:c1:b1:14:eb:31,192.168.10.16,37846,151.101.0.249,443,6,0.014955,2,1,1,132,66,66,66.867271,sSE,0.014955
00:23:ae:9b:8a:bf,00:c1:b1:14:eb:31,192.168.10.16,44972,68.67.180.45,443,6,0.688092,13,7,6,3858,2312,1546,17.439529,sSE,0.688092
00:23:ae:9b:8a:bf,00:c1:b1:14:eb:31,192.168.10.16,55594,50.115.208.113,443,6,3.365050,18,10,8,6192,1698,4494,5.051931,sSE,3.365050
00:23:ae:9b:8a:bf,00:c1:b1:14:eb:31,192.168.10.16,59242,34.193.198.239,443,6,2.107786,18,10,8,7623,1545,6078,8.065335,sSE,2.107786
00:23:ae:9b:8a:bf,00:c1:b1:14:eb:31,192.168.10.16,35516,66.242.15.123,443,6,3.181185,15,9,6,5447,1380,4067,4.400876,sSE,3.181185
00:23:ae:9b:8a:bf,00:c1:b1:14:eb:31,192.168.10.16,57004,50.116.194.23,443,6,2.711970,19,12,7,6191,3904,2287,6.637241,sSE,2.711970
00:23:ae:9b:8a:bf,00:c1:b1:14:eb:31,192.168.10.16,50856,50.63.243.230,80,6,1.049233,10,6,4,1103,831,272,8.577695,sSEfF,1.049233
00:23:ae:9b:8a:bf,00:c1:b1:14:eb:31,192.168.10.16,57008,50.116.194.23,443,6,2.689228,19,12,7,6143,3856,2287,6.693371,sSE,2.689228
00:23:ae:9b:8a:bf,00:c1:b1:14:eb:31,192.168.10.16,56228,23.50.75.27,80,6,0.023713,3,2,1,214,140,74,84.341919,sSE,0.023713
00:23:ae:9b:8a:bf,00:c1:b1:14:eb:31,192.168.10.16,58476,185.86.137.42,443,6,1.007567,12,6,6,1236,685,551,10.917388,sSE,1.007567
00:23:ae:9b:8a:bf,00:c1:b1:14:eb:31,192.168.10.16,58478,185.86.137.42,443,6,1.126840,16,8,8,3175,2065,1110,13.311562,sSE,1.126840
00:23:ae:9b:8a:bf,00:c1:b1:14:eb:31,192.168.10.16,58480,185.86.137.42,443,6,1.129005,22,11,11,7700,2409,5291,18.600451,sSE,1.129005
00:23:ae:9b:8a:bf,00:c1:b1:14:eb:31,192.168.10.16,58482,185.86.137.42,443,6,1.128057,22,11,11,7610,2409,5201,18.616081,sSE,1.128057
00:23:ae:9b:8a:bf,00:c1:b1:14:eb:31,192.168.10.16,34154,23.203.131.219,443,6,2.692636,16,9,7,7683,1583,6100,5.570749,sSE,2.692636
b8:ac:6f:36:07:ee,00:c1:b1:14:eb:31,192.168.10.14,50945,74.217.253.61,443,6,0.238701,10,6,4,2623,671,1952,37.704075,sSE,0.238701
b8:ac:6f:36:07:ee,18:66:da:9b:e3:7d,192.168.10.14,61981,192.168.10.3,53,17,0.048657,4,2,2,494,172,322,61.656082,CON,0.048657
18:66:da:9b:e3:7d,00:c1:b1:14:eb:31,192.168.10.3,62409,192.168.10.1,53,17,0.048207,2,1,1,269,97,172,20.743876,CON,0.048207
b8:ac:6f:36:0a:8b,18:66:da:9b:e3:7d,192.168.10.5,50283,192.168.10.3,53,17,0.000243,4,2,2,436,148,288,12345.678711,CON,0.000243
b8:ac:6f:36:0a:8b,00:c1:b1:14:eb:31,192.168.10.5,49505,173.194.206.109,465,6,3.180763,44,19,25,8409,2467,5942,13.518769,sSEfFR,3.180763
00:23:ae:9b:8a:bf,18:66:da:9b:e3:7d,192.168.10.16,13095,192.168.10.3,53,17,0.000476,4,2,2,912,174,738,6302.520996,CON,0.000476
00:23:ae:9b:8a:bf,18:66:da:9b:e3:7d,192.168.10.16,31186,192.168.10.3,53,17,0.000602,4,2,2,812,174,638,4983.388672,CON,0.000602
b8:ac:6f:36:07:ee,00:c1:b1:14:eb:31,192.168.10.14,50800,104.196.189.120,443,6,0.120919,3,2,1,1115,667,448,16.539999,sSE,0.120919
b8:ac:6f:36:07:ee,00:c1:b1:14:eb:31,192.168.10.14,50808,173.231.178.118,443,6,0.120816,3,2,1,1377,687,690,16.554098,sSE,0.120816
b8:ac:6f:36:07:ee,00:c1:b1:14:eb:31,192.168.10.14,50946,34.197.127.212,443,6,0.275459,11,6,5,2198,1280,918,36.303043,sSE,0.275459
b8:ac:6f:36:07:ee,00:c1:b1:14:eb:31,192.168.10.14,50947,34.197.127.212,443,6,0.271310,11,6,5,2241,1300,941,36.858208,sSE,0.271310
b8:ac:6f:36:07:ee,00:c1:b1:14:eb:31,192.168.10.14,50820,199.38.164.54,443,6,0.850282,4,1,3,246,60,186,3.528241,sSEfR,0.850282
b8:ac:6f:36:07:ee,00:c1:b1:14:eb:31,192.168.10.14,50948,34.197.127.212,443,6,0.236250,8,4,4,914,529,385,29.629629,sSE,0.236250
b8:ac:6f:36:07:ee,00:c1:b1:14:eb:31,192.168.10.14,50949,34.197.127.212,443,6,0.235091,8,4,4,914,529,385,29.775703,sSE,0.235091
00:23:ae:9b:8a:bf,00:c1:b1:14:eb:31,192.168.10.16,55998,129.146.14.101,443,6,0.905845,9,5,4,1330,906,424,8.831533,sSE,0.905845
00:23:ae:9b:8a:bf,00:c1:b1:14:eb:31,192.168.10.16,41718,209.15.36.32,443,6,2.831613,11,8,3,2854,1385,1469,3.531556,sSE,2.831613
00:23:ae:9b:8a:bf,00:c1:b1:14:eb:31,192.168.10.16,56660,192.229.211.40,443,6,2.453131,12,6,6,923,440,483,4.484066,sSEfF,2.453131
b8:ac:6f:36:07:ee,18:66:da:9b:e3:7d,192.168.10.14,50747,192.168.10.3,53,17,0.024250,4,2,2,448,170,278,123.711334,CON,0.024250
18:66:da:9b:e3:7d,00:c1:b1:14:eb:31,192.168.10.3,61501,192.168.10.1,53,17,0.023854,2,1,1,246,96,150,41.921688,CON,0.023854
b8:ac:6f:36:07:ee,00:c1:b1:14:eb:31,192.168.10.14,50821,8.41.222.241,443,6,0.032639,2,1,1,120,60,60,30.638193,sSE,0.032639
b8:ac:6f:36:07:ee,18:66:da:9b:e3:7d,192.168.10.14,52112,192.168.10.3,53,17,0.048299,4,2,2,468,174,294,62.113087,CON,0.048299
18:66:da:9b:e3:7d,00:c1:b1:14:eb:31,192.168.10.3,61357,192.168.10.1,53,17,0.047898,2,1,1,256,98,158,20.877699,CON,0.047898
b8:ac:6f:36:07:ee,18:66:da:9b:e3:7d,192.168.10.14,50985,192.168.10.3,53,17,0.048127,4,2,2,468,170,298,62.335072,CON,0.048127
b8:ac:6f:36:07:ee,18:66:da:9b:e3:7d,192.168.10.14,54224,192.168.10.3,53,17,0.146482,8,4,4,928,344,584,47.787441,CON,0.146482
18:66:da:9b:e3:7d,00:c1:b1:14:eb:31,192.168.10.3,60968,192.168.10.1,53,17,0.047715,2,1,1,256,96,160,20.957769,CON,0.047715
b8:ac:6f:36:07:ee,18:66:da:9b:e3:7d,192.168.10.14,59097,192.168.10.3,53,17,0.050115,4,2,2,464,170,294,59.862316,CON,0.050115
18:66:da:9b:e3:7d,00:c1:b1:14:eb:31,192.168.10.3,61730,192.168.10.1,53,17,0.023994,2,1,1,254,97,157,41.677086,CON,0.023994
b8:ac:6f:36:07:ee,18:66:da:9b:e3:7d,192.168.10.14,52975,192.168.10.3,53,17,0.049947,4,2,2,454,172,282,60.063667,CON,0.049947
18:66:da:9b:e3:7d,00:c1:b1:14:eb:31,192.168.10.3,62525,192.168.10.1,53,17,0.049605,2,1,1,254,96,158,20.159258,CON,0.049605
b8:ac:6f:36:07:ee,18:66:da:9b:e3:7d,192.168.10.14,60220,192.168.10.3,53,17,0.050330,4,2,2,470,172,298,59.606594,CON,0.050330
18:66:da:9b:e3:7d,00:c1:b1:14:eb:31,192.168.10.3,61690,192.168.10.1,53,17,0.049459,2,1,1,249,97,152,20.218767,CON,0.049459
b8:ac:6f:36:07:ee,18:66:da:9b:e3:7d,192.168.10.14,60817,192.168.10.3,53,17,0.049748,4,2,2,458,168,290,60.303932,CON,0.049748
18:66:da:9b:e3:7d,00:c1:b1:14:eb:31,192.168.10.3,60591,192.168.10.1,53,17,0.049902,2,1,1,257,97,160,20.039278,CON,0.049902
b8:ac:6f:36:07:ee,18:66:da:9b:e3:7d,192.168.10.14,60333,192.168.10.3,53,17,0.000217,4,2,2,422,162,260,13824.884766,CON,0.000217
18:66:da:9b:e3:7d,00:c1:b1:14:eb:31,192.168.10.3,61658,192.168.10.1,53,17,0.049133,2,1,1,251,95,156,20.352921,CON,0.049133
b8:ac:6f:36:07:ee,18:66:da:9b:e3:7d,192.168.10.14,56100,192.168.10.3,53,17,0.000222,4,2,2,548,174,374,13513.513672,CON,0.000222
00:23:ae:9b:8a:bf,00:c1:b1:14:eb:31,192.168.10.16,57026,50.116.194.23,443,6,1.762627,14,9,5,5660,1968,3692,7.375355,sSE,1.762627
b8:ac:6f:36:07:ee,18:66:da:9b:e3:7d,192.168.10.14,50479,192.168.10.3,53,17,0.070438,4,2,2,470,168,302,42.590649,CON,0.070438
18:66:da:9b:e3:7d,00:c1:b1:14:eb:31,192.168.10.3,61973,192.168.10.1,53,17,0.070061,2,1,1,257,95,162,14.273276,CON,0.070061
b8:ac:6f:36:07:ee,00:c1:b1:14:eb:31,192.168.10.14,50950,207.200.74.133,443,6,0.337855,12,6,6,4482,894,3588,32.558346,sSE,0.337855
b8:ac:6f:36:07:ee,00:c1:b1:14:eb:31,192.168.10.14,50951,207.200.74.133,443,6,0.636096,16,8,8,5920,1653,4267,23.581347,sSE,0.636096
b8:ac:6f:36:07:ee,18:66:da:9b:e3:7d,192.168.10.14,55884,192.168.10.3,53,17,0.070937,4,2,2,670,162,508,42.291046,CON,0.070937
18:66:da:9b:e3:7d,00:c1:b1:14:eb:31,192.168.10.3,60487,192.168.10.1,53,17,0.070492,2,1,1,357,92,265,14.186007,CON,0.070492
00:23:ae:9b:8a:bf,00:c1:b1:14:eb:31,192.168.10.16,56346,184.28.196.84,443,6,0.025107,3,2,1,1939,1229,710,79.659058,sSE,0.025107
b8:ac:6f:36:07:ee,00:c1:b1:14:eb:31,192.168.10.14,50952,152.163.13.4,443,6,0.506121,15,7,8,6007,1663,4344,27.661371,sSE,0.506121
b8:ac:6f:36:07:ee,00:c1:b1:14:eb:31,192.168.10.14,50953,152.163.13.4,443,6,0.405926,12,6,6,4517,900,3617,27.098536,sSE,0.405926
00:23:ae:9b:8a:bf,00:c1:b1:14:eb:31,192.168.10.16,36716,93.184.216.16,443,6,1.487437,20,11,9,5252,1103,4149,12.773650,sSE,1.487437
b8:ac:6f:36:07:ee,18:66:da:9b:e3:7d,192.168.10.14,61157,192.168.10.3,53,17,0.000225,4,2,2,508,158,350,13333.333984,CON,0.000225
b8:ac:6f:36:07:ee,18:66:da:9b:e3:7d,192.168.10.14,57635,192.168.10.3,53,17,0.047585,4,2,2,440,162,278,63.045078,CON,0.047585
b8:ac:6f:36:07:ee,18:66:da:9b:e3:7d,192.168.10.14,65140,192.168.10.3,53,17,0.000254,4,2,2,492,154,338,11811.023438,CON,0.000254
18:66:da:9b:e3:7d,00:c1:b1:14:eb:31,192.168.10.3,60841,192.168.10.1,53,17,0.047107,2,1,1,242,92,150,21.228268,CON,0.047107
b8:ac:6f:36:07:ee,00:c1:b1:14:eb:31,192.168.10.14,50954,63.251.98.12,443,6,3.659063,21,11,10,6502,1658,4844,5.465880,sSEfF,3.659063
b8:ac:6f:36:07:ee,18:66:da:9b:e3:7d,192.168.10.14,54156,192.168.10.3,53,17,0.000166,4,2,2,588,246,342,18072.289062,CON,0.000166
b8:ac:6f:36:07:ee,00:c1:b1:14:eb:31,192.168.10.14,50955,23.36.33.160,443,6,0.120967,14,7,7,5995,1225,4770,107.467323,sSE,0.120967
b8:ac:6f:36:07:ee,18:66:da:9b:e3:7d,192.168.10.14,60694,192.168.10.3,53,17,0.230457,6,4,2,640,340,300,21.696022,CON,0.230457
18:66:da:9b:e3:7d,00:c1:b1:14:eb:31,192.168.10.3,61821,192.168.10.1,53,17,0.230062,2,1,1,257,96,161,4.346654,CON,0.230062
b8:ac:6f:36:07:ee,18:66:da:9b:e3:7d,192.168.10.14,49442,192.168.10.3,53,17,0.070600,4,2,2,718,152,566,42.492916,CON,0.070600
18:66:da:9b:e3:7d,00:c1:b1:14:eb:31,192.168.10.3,61996,192.168.10.1,53,17,0.070104,2,1,1,381,87,294,14.264521,CON,0.070104
b8:ac:6f:36:07:ee,18:66:da:9b:e3:7d,192.168.10.14,58577,192.168.10.3,53,17,0.024476,4,2,2,654,246,408,122.569054,CON,0.024476
18:66:da:9b:e3:7d,00:c1:b1:14:eb:31,192.168.10.3,62205,192.168.10.1,53,17,0.024110,2,1,1,349,134,215,41.476566,CON,0.024110
b8:ac:6f:36:07:ee,18:66:da:9b:e3:7d,192.168.10.14,49858,192.168.10.3,53,17,0.140391,8,4,4,632,284,348,49.860744,CON,0.140391
b8:ac:6f:36:07:ee,18:66:da:9b:e3:7d,192.168.10.14,50243,192.168.10.3,53,17,0.000254,4,2,2,600,172,428,11811.023438,CON,0.000254
b8:ac:6f:36:07:ee,00:c1:b1:14:eb:31,192.168.10.14,50653,23.61.187.27,80,6,4.820646,5,3,2,724,598,126,0.829764,sSE,4.820646
00:23:ae:9b:8a:bf,00:c1:b1:14:eb:31,192.168.10.16,58492,185.86.137.42,443,6,0.641752,11,6,5,1170,685,485,15.582343,sSE,0.641752
00:23:ae:9b:8a:bf,00:c1:b1:14:eb:31,192.168.10.16,50880,50.63.243.230,80,6,0.847280,12,6,6,3502,832,2670,12.982720,sSEfF,0.847280
00:23:ae:9b:8a:bf,00:c1:b1:14:eb:31,192.168.10.16,38248,23.92.189.246,443,6,1.727616,13,9,4,4121,1654,2467,6.945988,sSE,1.727616
00:23:ae:9b:8a:bf,00:c1:b1:14:eb:31,192.168.10.16,38250,23.92.189.246,443,6,1.728868,13,9,4,4293,1659,2634,6.940958,sSE,1.728868
00:23:ae:9b:8a:bf,00:c1:b1:14:eb:31,192.168.10.16,58122,50.116.194.21,443,6,1.744057,14,9,5,5974,2282,3692,7.453885,sSE,1.744057
00:23:ae:9b:8a:bf,00:c1:b1:14:eb:31,192.168.10.16,55036,192.82.242.23,443,6,1.914033,25,13,12,7126,1304,5822,12.538968,sSEfF,1.914033
b8:ac:6f:36:07:ee,18:66:da:9b:e3:7d,192.168.10.14,50600,192.168.10.3,53,17,0.127417,8,4,4,720,328,392,54.937725,CON,0.127417
b8:ac:6f:36:07:ee,00:c1:b1:14:eb:31,192.168.10.14,50956,54.210.181.142,443,6,0.215243,16,8,8,8319,1779,6540,69.688675,sSE,0.215243
b8:ac:6f:36:07:ee,00:c1:b1:14:eb:31,192.168.10.14,50957,52.2.30.221,443,6,2.593711,17,9,8,7027,1264,5763,6.168768,sSE,2.593711
b8:ac:6f:36:07:ee,00:c1:b1:14:eb:31,192.168.10.14,50958,104.193.83.57,443,6,0.363996,11,7,4,2261,1372,889,27.472830,sSE,0.363996
b8:ac:6f:36:07:ee,00:c1:b1:14:eb:31,192.168.10.14,50959,104.193.83.57,443,6,0.264030,9,6,3,1375,897,478,30.299585,sSE,0.264030
b8:ac:6f:36:07:ee,18:66:da:9b:e3:7d,192.168.10.14,49492,192.168.10.3,53,17,0.130365,8,4,4,728,332,396,53.695393,CON,0.130365
b8:ac:6f:36:07:ee,00:c1:b1:14:eb:31,192.168.10.14,50806,149.174.66.131,443,6,0.093750,2,1,1,120,60,60,10.666667,sSE,0.093750
b8:ac:6f:36:07:ee,18:66:da:9b:e3:7d,192.168.10.14,52538,192.168.10.3,53,17,0.000223,4,2,2,534,168,366,13452.915039,CON,0.000223
b8:ac:6f:36:07:ee,18:66:da:9b:e3:7d,192.168.10.14,50049,192.168.10.3,53,17,0.000182,4,2,2,468,164,304,16483.515625,CON,0.000182
b8:ac:6f:36:07:ee,18:66:da:9b:e3:7d,192.168.10.14,64551,192.168.10.3,53,17,0.048335,4,2,2,458,172,286,62.066826,CON,0.048335
18:66:da:9b:e3:7d,00:c1:b1:14:eb:31,192.168.10.3,62143,192.168.10.1,53,17,0.047982,2,1,1,251,97,154,20.841148,CON,0.047982
b8:ac:6f:36:07:ee,18:66:da:9b:e3:7d,192.168.10.14,58221,192.168.10.3,53,17,0.000168,4,2,2,462,166,296,17857.142578,CON,0.000168
b8:ac:6f:36:07:ee,18:66:da:9b:e3:7d,192.168.10.14,65280,192.168.10.3,53,17,0.023856,4,2,2,394,142,252,125.754532,CON,0.023856
18:66:da:9b:e3:7d,00:c1:b1:14:eb:31,192.168.10.3,60885,192.168.10.1,53,17,0.023484,2,1,1,219,82,137,42.582184,CON,0.023484
b8:ac:6f:36:07:ee,18:66:da:9b:e3:7d,192.168.10.14,62499,192.168.10.3,53,17,0.166600,8,4,4,984,308,676,42.016808,CON,0.166600
b8:ac:6f:36:07:ee,00:c1:b1:14:eb:31,192.168.10.14,50745,23.208.217.175,443,6,2.475492,16,5,11,10243,2412,7831,6.059402,sSE,2.475492
b8:ac:6f:36:07:ee,00:c1:b1:14:eb:31,192.168.10.14,50960,54.172.26.198,443,6,0.366415,14,7,7,5481,1383,4098,35.478897,sSE,0.366415
b8:ac:6f:36:07:ee,00:c1:b1:14:eb:31,192.168.10.14,50961,54.172.26.198,443,6,0.366265,14,7,7,5483,1384,4099,35.493427,sSE,0.366265
00:23:ae:9b:8a:bf,00:c1:b1:14:eb:31,192.168.10.16,43062,178.255.83.1,80,6,0.710858,11,6,5,2041,843,1198,14.067508,sSEfF,0.710858
b8:ac:6f:36:07:ee,00:c1:b1:14:eb:31,192.168.10.14,50802,204.11.109.68,443,6,0.086671,2,1,1,120,60,60,11.537885,sSE,0.086671
b8:ac:6f:36:07:ee,00:c1:b1:14:eb:31,192.168.10.14,50803,204.11.109.68,443,6,0.087998,2,1,1,120,60,60,11.363894,sSE,0.087998
b8:ac:6f:36:04:e3,00:c1:b1:14:eb:31,192.168.10.12,58802,172.217.10.46,80,6,0.036280,2,1,1,132,66,66,27.563396,sSE,0.036280
b8:ac:6f:36:04:e3,00:c1:b1:14:eb:31,192.168.10.12,58804,172.217.10.46,80,6,0.036280,2,1,1,132,66,66,27.563396,sSE,0.036280
b8:ac:6f:36:07:ee,18:66:da:9b:e3:7d,192.168.10.14,50378,192.168.10.3,53,17,0.000330,4,2,2,684,214,470,9090.909180,CON,0.000330
b8:ac:6f:36:07:ee,18:66:da:9b:e3:7d,192.168.10.14,57808,192.168.10.3,53,17,0.000210,4,2,2,576,224,352,14285.714844,CON,0.000210
b8:ac:6f:36:07:ee,18:66:da:9b:e3:7d,192.168.10.14,58036,192.168.10.3,53,17,0.138282,8,4,4,1184,428,756,50.621193,CON,0.138282
18:66:da:9b:e3:7d,00:c1:b1:14:eb:31,192.168.10.3,62435,192.168.10.1,53,17,0.048448,2,1,1,318,118,200,20.640686,CON,0.048448
b8:ac:6f:36:07:ee,18:66:da:9b:e3:7d,192.168.10.14,55005,192.168.10.3,53,17,0.049336,4,2,2,612,224,388,60.807522,CON,0.049336
18:66:da:9b:e3:7d,00:c1:b1:14:eb:31,192.168.10.3,62207,192.168.10.1,53,17,0.048956,2,1,1,328,123,205,20.426506,CON,0.048956
b8:ac:6f:36:07:ee,18:66:da:9b:e3:7d,192.168.10.14,50038,192.168.10.3,53,17,0.000201,4,2,2,360,164,196,14925.373047,CON,0.000201
b8:ac:6f:36:07:ee,18:66:da:9b:e3:7d,192.168.10.14,64071,192.168.10.3,53,17,0.000221,4,2,2,372,170,202,13574.661133,CON,0.000221
00:23:ae:9b:8a:bf,18:66:da:9b:e3:7d,192.168.10.16,65485,192.168.10.3,53,17,0.000272,4,2,2,492,144,348,11029.411133,CON,0.000272
00:23:ae:9b:8a:bf,18:66:da:9b:e3:7d,192.168.10.16,33029,192.168.10.3,53,17,0.000336,4,2,2,572,144,428,8928.571289,CON,0.000336
b8:ac:6f:36:07:ee,18:66:da:9b:e3:7d,192.168.10.14,62148,192.168.10.3,53,17,0.000173,4,2,2,324,146,178,17341.041016,CON,0.000173
b8:ac:6f:36:07:ee,18:66:da:9b:e3:7d,192.168.10.14,63063,192.168.10.3,53,17,0.024232,4,2,2,486,170,316,123.803238,CON,0.024232
18:66:da:9b:e3:7d,00:c1:b1:14:eb:31,192.168.10.3,60641,192.168.10.1,53,17,0.023828,2,1,1,265,96,169,41.967434,CON,0.023828
b8:ac:6f:36:07:ee,18:66:da:9b:e3:7d,192.168.10.14,63277,192.168.10.3,53,17,0.000200,4,2,2,396,182,214,15000.000000,CON,0.000200
b8:ac:6f:36:07:ee,18:66:da:9b:e3:7d,192.168.10.14,53347,192.168.10.3,53,17,0.000203,4,2,2,534,168,366,14778.325195,CON,0.000203
b8:ac:6f:36:07:ee,00:c1:b1:14:eb:31,192.168.10.14,50962,54.172.26.198,443,6,0.803990,16,9,7,5646,3600,2046,18.656948,sSE,0.803990
b8:ac:6f:36:07:ee,00:c1:b1:14:eb:31,192.168.10.14,50963,63.251.210.233,443,6,0.346519,14,8,6,5157,1281,3876,37.515980,sSE,0.346519
b8:ac:6f:36:07:ee,00:c1:b1:14:eb:31,192.168.10.14,50807,149.174.66.131,443,6,0.093808,2,1,1,120,60,60,10.660071,sSE,0.093808
b8:ac:6f:36:04:e3,00:c1:b1:14:eb:31,192.168.10.12,58800,172.217.10.46,80,6,0.036465,2,1,1,132,66,66,27.423557,sSE,0.036465
b8:ac:6f:36:07:ee,00:c1:b1:14:eb:31,192.168.10.14,50655,52.84.142.241,443,6,0.022247,2,1,1,126,60,66,44.949883,sSE,0.022247
00:23:ae:9b:8a:bf,00:c1:b1:14:eb:31,192.168.10.16,41998,23.61.187.27,80,6,0.038914,2,1,1,132,66,66,25.697693,sSE,0.038914
00:23:ae:9b:8a:bf,00:c1:b1:14:eb:31,192.168.10.16,41994,23.61.187.27,80,6,0.038908,2,1,1,132,66,66,25.701654,sSE,0.038908
00:23:ae:9b:8a:bf,00:c1:b1:14:eb:31,192.168.10.16,42000,23.61.187.27,80,6,0.036895,2,1,1,132,66,66,27.103945,sSE,0.036895
00:23:ae:9b:8a:bf,00:c1:b1:14:eb:31,192.168.10.16,41990,23.61.187.27,80,6,0.038909,2,1,1,132,66,66,25.700994,sSE,0.038909
00:23:ae:9b:8a:bf,00:c1:b1:14:eb:31,192.168.10.16,41992,23.61.187.27,80,6,0.036675,2,1,1,132,66,66,27.266531,sSE,0.036675
00:23:ae:9b:8a:bf,00:c1:b1:14:eb:31,192.168.10.16,50354,52.15.239.205,443,6,0.041142,2,1,1,132,66,66,24.306061,E,0.041142
b8:ac:6f:36:07:ee,00:c1:b1:14:eb:31,192.168.10.14,50964,63.251.210.233,443,6,0.438749,12,7,5,4196,730,3466,25.071283,sSE,0.438749
00:23:ae:9b:8a:bf,00:c1:b1:14:eb:31,192.168.10.16,57402,52.9.59.64,443,6,1.073933,18,9,9,6758,932,5826,15.829665,sSE,1.073933
00:23:ae:9b:8a:bf,00:c1:b1:14:eb:31,192.168.10.16,50894,50.63.243.230,80,6,0.566188,10,6,4,1105,833,272,15.895781,sSEfF,0.566188
00:23:ae:9b:8a:bf,00:c1:b1:14:eb:31,192.168.10.16,58132,50.116.194.21,443,6,3.587251,17,10,7,4818,1197,3621,4.460240,sSEfF,3.587251
00:23:ae:9b:8a:bf,00:c1:b1:14:eb:31,192.168.10.16,57668,144.217.70.35,443,6,2.583411,21,12,9,7312,2111,5201,7.741703,sSEfF,2.583411
00:23:ae:9b:8a:bf,00:c1:b1:14:eb:31,192.168.10.16,53146,199.187.193.133,443,6,0.060396,2,1,1,132,66,66,16.557388,sSE,0.060396
00:23:ae:9b:8a:bf,00:c1:b1:14:eb:31,192.168.10.16,53142,199.187.193.133,443,6,0.060052,2,1,1,132,66,66,16.652235,sSE,0.060052
b8:ac:6f:36:07:ee,18:66:da:9b:e3:7d,192.168.10.14,60447,192.168.10.3,53,17,0.047842,4,2,2,490,174,316,62.706409,CON,0.047842
18:66:da:9b:e3:7d,00:c1:b1:14:eb:31,192.168.10.3,60991,192.168.10.1,53,17,0.047450,2,1,1,267,98,169,21.074816,CON,0.047450
b8:ac:6f:36:07:ee,18:66:da:9b:e3:7d,192.168.10.14,51475,192.168.10.3,53,17,0.048465,4,2,2,440,170,270,61.900341,CON,0.048465
b8:ac:6f:36:07:ee,18:66:da:9b:e3:7d,192.168.10.14,59398,192.168.10.3,53,17,0.024776,4,2,2,502,172,330,121.084915,CON,0.024776
18:66:da:9b:e3:7d,00:c1:b1:14:eb:31,192.168.10.3,60594,192.168.10.1,53,17,0.048173,2,1,1,242,96,146,20.758516,CON,0.048173
b8:ac:6f:36:07:ee,18:66:da:9b:e3:7d,192.168.10.14,61256,192.168.10.3,53,17,0.048949,4,2,2,460,174,286,61.288280,CON,0.048949
18:66:da:9b:e3:7d,00:c1:b1:14:eb:31,192.168.10.3,62337,192.168.10.1,53,17,0.024378,2,1,1,273,97,176,41.020592,CON,0.024378
b8:ac:6f:36:07:ee,18:66:da:9b:e3:7d,192.168.10.14,56651,192.168.10.3,53,17,0.049748,4,2,2,442,168,274,60.303932,CON,0.049748
18:66:da:9b:e3:7d,00:c1:b1:14:eb:31,192.168.10.3,61732,192.168.10.1,53,17,0.048555,2,1,1,252,98,154,20.595201,CON,0.048555
b8:ac:6f:36:07:ee,18:66:da:9b:e3:7d,192.168.10.14,58077,192.168.10.3,53,17,0.049982,4,2,2,454,172,282,60.021606,CON,0.049982
18:66:da:9b:e3:7d,00:c1:b1:14:eb:31,192.168.10.3,60668,192.168.10.1,53,17,0.049410,2,1,1,243,95,148,20.238817,CON,0.049410
b8:ac:6f:36:07:ee,18:66:da:9b:e3:7d,192.168.10.14,62874,192.168.10.3,53,17,0.097091,4,2,2,496,182,314,30.898848,CON,0.097091
18:66:da:9b:e3:7d,00:c1:b1:14:eb:31,192.168.10.3,62233,192.168.10.1,53,17,0.049602,2,1,1,249,97,152,20.160479,CON,0.049602
18:66:da:9b:e3:7d,00:c1:b1:14:eb:31,192.168.10.3,62104,192.168.10.1,53,17,0.096725,2,1,1,270,102,168,10.338589,CON,0.096725
b8:ac:6f:36:07:ee,18:66:da:9b:e3:7d,192.168.10.14,49962,192.168.10.3,53,17,0.002062,4,2,2,360,164,196,1454.898071,CON,0.002062
18:66:da:9b:e3:7d,00:c1:b1:14:eb:31,192.168.10.3,60292,192.168.10.1,53,17,0.001692,2,1,1,202,93,109,591.016541,CON,0.001692
b8:ac:6f:36:07:ee,18:66:da:9b:e3:7d,192.168.10.14,55018,192.168.10.3,53,17,0.000167,4,2,2,380,174,206,17964.070312,CON,0.000167
00:23:ae:9b:8a:bf,00:c1:b1:14:eb:31,192.168.10.16,33538,52.209.87.78,443,6,0.102814,6,4,2,446,283,163,48.631512,sSEfFR,0.102814
00:23:ae:9b:8a:bf,00:c1:b1:14:eb:31,192.168.10.16,54024,23.36.33.160,443,6,0.028547,6,4,2,446,283,163,175.149750,sSEfFR,0.028547
00:23:ae:9b:8a:bf,00:c1:b1:14:eb:31,192.168.10.16,56004,23.50.75.27,80,6,0.023324,3,2,1,198,132,66,85.748589,sSEf,0.023324
00:23:ae:9b:8a:bf,00:c1:b1:14:eb:31,192.168.10.16,56006,23.50.75.27,80,6,0.023322,3,2,1,198,132,66,85.755943,sSEf,0.023322
00:23:ae:9b:8a:bf,00:c1:b1:14:eb:31,192.168.10.16,50900,50.63.243.230,80,6,0.032806,3,2,1,214,140,74,60.964455,sSE,0.032806
00:23:ae:9b:8a:bf,00:c1:b1:14:eb:31,192.168.10.16,50902,50.63.243.230,80,6,0.490099,10,6,4,1105,833,272,18.363636,sSEfF,0.490099
00:23:ae:9b:8a:bf,00:c1:b1:14:eb:31,192.168.10.16,56272,23.50.75.27,80,6,0.270681,6,4,2,831,691,140,18.471930,sSE,0.270681
b8:ac:6f:36:07:ee,00:c1:b1:14:eb:31,192.168.10.14,50835,204.11.109.68,443,6,0.088121,2,1,1,120,60,60,11.348033,sSE,0.088121
00:23:ae:9b:8a:bf,00:c1:b1:14:eb:31,192.168.10.16,53144,199.187.193.133,443,6,0.060249,2,1,1,132,66,66,16.597786,sSE,0.060249
b8:ac:6f:36:07:ee,18:66:da:9b:e3:7d,192.168.10.14,56433,192.168.10.3,53,17,0.000171,4,2,2,324,146,178,17543.859375,CON,0.000171
00:23:ae:9b:95:67,00:c1:b1:14:eb:31,192.168.10.17,38408,202.77.129.230,443,6,0.221597,2,1,1,120,60,60,4.512696,sSE,0.221597
b8:ac:6f:36:07:ee,18:66:da:9b:e3:7d,192.168.10.14,51450,192.168.10.3,53,17,0.023837,4,2,2,510,174,336,125.854759,CON,0.023837
18:66:da:9b:e3:7d,00:c1:b1:14:eb:31,192.168.10.3,60347,192.168.10.1,53,17,0.023403,2,1,1,277,98,179,42.729565,CON,0.023403
b8:ac:6f:36:07:ee,00:c1:b1:14:eb:31,192.168.10.14,50843,173.231.178.118,443,6,0.023752,5,2,3,325,120,205,168.406876,sSEfF,0.023752
b8:ac:6f:36:07:ee,18:66:da:9b:e3:7d,192.168.10.14,55408,192.168.10.3,53,17,0.000199,4,2,2,454,146,308,15075.376953,CON,0.000199
b8:ac:6f:36:07:ee,00:c1:b1:14:eb:31,192.168.10.14,50683,52.90.105.35,443,6,0.080926,4,2,2,1262,711,551,37.070904,sSE,0.080926
b8:ac:6f:36:07:ee,00:c1:b1:14:eb:31,192.168.10.14,50824,104.196.189.120,443,6,0.108822,3,2,1,1172,727,445,18.378635,sSE,0.108822
b8:ac:6f:36:07:ee,18:66:da:9b:e3:7d,192.168.10.14,58313,192.168.10.3,53,17,0.000254,4,2,2,534,168,366,11811.023438,CON,0.000254
b8:ac:6f:36:07:ee,18:66:da:9b:e3:7d,192.168.10.14,55197,192.168.10.3,53,17,0.000205,4,2,2,534,168,366,14634.146484,CON,0.000205
b8:ac:6f:36:07:ee,18:66:da:9b:e3:7d,192.168.10.14,61927,192.168.10.3,53,17,0.000007,4,2,2,360,164,196,428571.437500,CON,0.000007
00:23:ae:9b:8a:bf,00:c1:b1:14:eb:31,192.168.10.16,46600,23.194.181.193,443,6,0.023376,2,1,1,132,66,66,42.778919,sSE,0.023376
b8:ac:6f:36:07:ee,00:c1:b1:14:eb:31,192.168.10.14,50736,23.12.36.193,443,6,0.033339,2,1,1,126,60,66,29.994900,sSE,0.033339
b8:ac:6f:36:07:ee,00:c1:b1:14:eb:31,192.168.10.14,50737,23.12.36.193,443,6,0.033344,2,1,1,126,60,66,29.990402,sSE,0.033344
b8:ac:6f:36:07:ee,00:c1:b1:14:eb:31,192.168.10.14,50896,52.84.135.212,443,6,0.022432,4,3,1,265,205,60,133.737518,sSEfF,0.022432
00:23:ae:9b:8a:bf,18:66:da:9b:e3:7d,192.168.10.16,34467,192.168.10.3,53,17,0.127838,4,2,2,430,156,274,23.467201,CON,0.127838
00:23:ae:9b:8a:bf,18:66:da:9b:e3:7d,192.168.10.16,46220,192.168.10.3,53,17,0.121065,4,2,2,398,156,242,24.780077,CON,0.121065
18:66:da:9b:e3:7d,00:c1:b1:14:eb:31,192.168.10.3,60472,192.168.10.1,53,17,0.127362,2,1,1,237,89,148,7.851635,CON,0.127362
18:66:da:9b:e3:7d,00:c1:b1:14:eb:31,192.168.10.3,61018,192.168.10.1,53,17,0.119945,2,1,1,299,89,210,8.337154,CON,0.119945
00:23:ae:9b:8a:bf,00:c1:b1:14:eb:31,192.168.10.16,48990,172.217.10.226,443,6,0.877003,18,8,10,2580,889,1691,19.384197,sSE,0.877003
00:23:ae:9b:8a:bf,18:66:da:9b:e3:7d,192.168.10.16,18550,192.168.10.3,53,17,0.000223,4,2,2,450,160,290,13452.915039,CON,0.000223
00:23:ae:9b:8a:bf,18:66:da:9b:e3:7d,192.168.10.16,29375,192.168.10.3,53,17,0.000331,4,2,2,538,160,378,9063.444336,CON,0.000331
b8:ac:6f:36:07:ee,18:66:da:9b:e3:7d,192.168.10.14,59350,192.168.10.3,53,17,0.023606,4,2,2,488,148,340,127.086334,CON,0.023606
18:66:da:9b:e3:7d,00:c1:b1:14:eb:31,192.168.10.3,61269,192.168.10.1,53,17,0.023233,2,1,1,204,94,110,43.042225,CON,0.023233
00:23:ae:9b:8a:bf,00:c1:b1:14:eb:31,192.168.10.16,36468,162.248.16.30,443,6,1.105102,25,13,12,7127,1305,5822,21.717453,sSEfF,1.105102
b8:ac:6f:36:07:ee,18:66:da:9b:e3:7d,192.168.10.14,52970,192.168.10.3,53,17,0.000194,4,2,2,364,166,198,15463.917969,CON,0.000194
00:23:ae:9b:8a:bf,00:c1:b1:14:eb:31,192.168.10.16,36470,162.248.16.30,443,6,0.310004,16,9,7,6022,1065,4957,48.386475,sSE,0.310004
18:66:da:9b:e3:7d,00:c1:b1:14:eb:31,192.168.10.3,60303,192.168.10.1,53,17,0.000445,2,1,1,281,100,181,2247.190918,CON,0.000445
00:23:ae:9b:8a:bf,00:c1:b1:14:eb:31,192.168.10.16,35024,52.84.145.72,443,6,0.148573,22,12,10,9918,1454,8464,141.344666,sSE,0.148573
00:23:ae:9b:8a:bf,00:c1:b1:14:eb:31,192.168.10.16,35026,52.84.145.72,443,6,0.135547,13,7,6,5466,791,4675,88.530182,sSE,0.135547
b8:ac:6f:36:07:ee,18:66:da:9b:e3:7d,192.168.10.14,64804,192.168.10.3,53,17,0.047993,4,2,2,468,174,294,62.509113,CON,0.047993
18:66:da:9b:e3:7d,00:c1:b1:14:eb:31,192.168.10.3,60237,192.168.10.1,53,17,0.047302,2,1,1,256,98,158,21.140755,CON,0.047302
b8:ac:6f:36:07:ee,00:c1:b1:14:eb:31,192.168.10.14,50654,52.84.144.121,443,6,0.021892,2,1,1,126,60,66,45.678787,sSE,0.021892
b8:ac:6f:36:04:e3,00:c1:b1:14:eb:31,192.168.10.12,46544,23.205.18.73,443,6,0.023064,2,1,1,132,66,66,43.357613,sSE,0.023064
00:23:ae:9b:8a:bf,00:c1:b1:14:eb:31,192.168.10.16,56094,23.50.75.27,80,6,0.216671,3,2,1,630,564,66,9.230584,sSE,0.216671
00:23:ae:9b:8a:bf,00:c1:b1:14:eb:31,192.168.10.16,41546,209.15.36.32,443,6,5.043120,6,3,3,1963,731,1232,0.991450,sSEf,5.043120
b8:ac:6f:36:07:ee,00:c1:b1:14:eb:31,192.168.10.14,50894,54.204.26.20,443,6,0.050489,4,2,2,265,120,145,59.418880,sSEfF,0.050489
00:23:ae:9b:8a:bf,18:66:da:9b:e3:7d,192.168.10.16,22409,192.168.10.3,53,17,0.024118,4,2,2,432,152,280,124.388420,CON,0.024118
00:23:ae:9b:8a:bf,18:66:da:9b:e3:7d,192.168.10.16,5874,192.168.10.3,53,17,0.048226,4,2,2,450,152,298,62.207111,CON,0.048226
18:66:da:9b:e3:7d,00:c1:b1:14:eb:31,192.168.10.3,60902,192.168.10.1,53,17,0.023543,2,1,1,238,87,151,42.475471,CON,0.023543
18:66:da:9b:e3:7d,00:c1:b1:14:eb:31,192.168.10.3,60747,192.168.10.1,53,17,0.047650,2,1,1,247,87,160,20.986361,CON,0.047650
00:23:ae:9b:8a:bf,00:c1:b1:14:eb:31,192.168.10.16,43086,178.255.83.1,80,6,0.673571,11,6,5,2038,841,1197,14.846245,sSEfF,0.673571
00:23:ae:9b:8a:bf,00:c1:b1:14:eb:31,192.168.10.16,57924,50.116.194.21,443,6,1.860418,38,21,17,23909,5246,18663,19.888004,sSE,1.860418
00:23:ae:9b:8a:bf,00:c1:b1:14:eb:31,192.168.10.16,44044,151.101.0.166,443,6,0.025252,3,2,1,2005,924,1081,79.201653,sSE,0.025252
00:23:ae:9b:8a:bf,00:c1:b1:14:eb:31,192.168.10.16,37280,52.200.172.106,443,6,0.052851,3,2,1,1339,637,702,37.842236,sSE,0.052851
00:23:ae:9b:8a:bf,00:c1:b1:14:eb:31,192.168.10.16,123,208.81.1.244,123,17,0.042984,2,1,1,180,90,90,23.264469,CON,0.042984
b8:ac:6f:36:07:ee,00:c1:b1:14:eb:31,192.168.10.14,50675,104.16.25.216,80,6,0.015110,2,1,1,126,60,66,66.181335,sSE,0.015110
00:23:ae:9b:8a:bf,18:66:da:9b:e3:7d,192.168.10.16,47930,192.168.10.3,53,17,0.000202,4,2,2,452,170,282,14851.485352,CON,0.000202
00:23:ae:9b:8a:bf,18:66:da:9b:e3:7d,192.168.10.16,63006,192.168.10.3,53,17,0.000071,4,2,2,476,170,306,42253.519531,CON,0.000071
b8:ac:6f:36:0a:8b,00:c1:b1:14:eb:31,192.168.10.5,49459,151.101.0.114,443,6,0.015145,2,1,1,126,60,66,66.028389,sSE,0.015145
b8:ac:6f:36:07:ee,00:c1:b1:14:eb:31,192.168.10.14,50676,104.16.25.216,80,6,0.015167,2,1,1,126,60,66,65.932617,sSE,0.015167
b8:ac:6f:36:07:ee,00:c1:b1:14:eb:31,192.168.10.14,50750,72.21.206.140,443,6,0.050761,2,1,1,120,60,60,19.700163,sSE,0.050761
b8:ac:6f:36:0a:8b,00:c1:b1:14:eb:31,192.168.10.5,49450,63.140.62.205,443,6,0.087293,2,1,1,120,60,60,11.455672,sSE,0.087293
b8:ac:6f:36:07:ee,00:c1:b1:14:eb:31,192.168.10.14,50747,161.170.238.122,443,6,0.061146,2,1,1,120,60,60,16.354300,sSE,0.061146
00:23:ae:9b:8a:bf,18:66:da:9b:e3:7d,192.168.10.16,42649,192.168.10.3,53,17,0.203265,4,2,2,486,152,334,14.759059,CON,0.203265
00:23:ae:9b:8a:bf,18:66:da:9b:e3:7d,192.168.10.16,37314,192.168.10.3,53,17,0.047495,4,2,2,454,152,302,63.164543,CON,0.047495
18:66:da:9b:e3:7d,00:c1:b1:14:eb:31,192.168.10.3,60178,192.168.10.1,53,17,0.202948,2,1,1,265,87,178,4.927371,CON,0.202948
18:66:da:9b:e3:7d,00:c1:b1:14:eb:31,192.168.10.3,62267,192.168.10.1,53,17,0.046816,2,1,1,307,87,220,21.360220,CON,0.046816
00:23:ae:9b:8a:bf,00:c1:b1:14:eb:31,192.168.10.16,43088,178.255.83.1,80,6,3.230106,9,5,4,618,338,280,2.476699,sSEf,3.230106
00:23:ae:9b:8a:bf,00:c1:b1:14:eb:31,192.168.10.16,34014,216.200.232.114,443,6,4.974751,6,4,2,2688,1534,1154,1.005075,sSE,4.974751
00:23:ae:9b:8a:bf,00:c1:b1:14:eb:31,192.168.10.16,33534,52.209.87.78,443,6,0.104727,3,2,1,1317,711,606,19.097273,sSE,0.104727
00:23:ae:9b:8a:bf,18:66:da:9b:e3:7d,192.168.10.16,52607,192.168.10.3,53,17,0.046927,4,2,2,612,154,458,63.929081,CON,0.046927
00:23:ae:9b:8a:bf,18:66:da:9b:e3:7d,192.168.10.16,2764,192.168.10.3,53,17,0.047779,4,2,2,356,154,202,62.789089,CON,0.047779
18:66:da:9b:e3:7d,00:c1:b1:14:eb:31,192.168.10.3,61817,192.168.10.1,53,17,0.046559,2,1,1,328,88,240,21.478125,CON,0.046559
18:66:da:9b:e3:7d,00:c1:b1:14:eb:31,192.168.10.3,61740,192.168.10.1,53,17,0.046915,2,1,1,284,88,196,21.315145,CON,0.046915
00:23:ae:9b:8a:bf,00:c1:b1:14:eb:31,192.168.10.16,49910,173.241.242.143,443,6,0.039093,3,2,1,1450,897,553,51.160057,sSE,0.039093
00:23:ae:9b:8a:bf,00:c1:b1:14:eb:31,192.168.10.16,52044,34.197.213.81,443,6,1.600365,6,4,2,3056,1748,1308,3.124287,sSE,1.600365
00:23:ae:9b:8a:bf,00:c1:b1:14:eb:31,192.168.10.16,40412,52.54.186.98,443,6,2.539724,6,4,2,2715,1567,1148,1.968718,sSE,2.539724
18:66:da:9b:e3:7d,00:c1:b1:14:eb:31,192.168.10.3,62465,192.168.10.1,53,17,0.000426,2,1,1,247,93,154,2347.417725,CON,0.000426
18:66:da:9b:e3:7d,00:c1:b1:14:eb:31,192.168.10.3,61109,192.168.10.1,53,17,0.000436,2,1,1,270,93,177,2293.577881,CON,0.000436
00:23:ae:9b:8a:bf,18:66:da:9b:e3:7d,192.168.10.16,37404,192.168.10.3,53,17,0.076589,4,2,2,328,148,180,39.170113,CON,0.076589
00:23:ae:9b:8a:bf,18:66:da:9b:e3:7d,192.168.10.16,49075,192.168.10.3,53,17,0.051331,4,2,2,352,148,204,58.444218,CON,0.051331
18:66:da:9b:e3:7d,00:c1:b1:14:eb:31,192.168.10.3,62414,192.168.10.1,53,17,0.076173,2,1,1,186,85,101,13.128012,CON,0.076173
18:66:da:9b:e3:7d,00:c1:b1:14:eb:31,192.168.10.3,60276,192.168.10.1,53,17,0.050912,2,1,1,198,85,113,19.641735,CON,0.050912
b8:ac:6f:36:07:ee,00:c1:b1:14:eb:31,192.168.10.14,50902,107.22.241.77,443,6,0.050723,5,3,2,350,205,145,78.859688,sSEfFR,0.050723
b8:ac:6f:36:07:ee,00:c1:b1:14:eb:31,192.168.10.14,50903,107.22.241.77,443,6,0.050538,5,3,2,350,205,145,79.148361,sSEfFR,0.050538
b8:ac:6f:36:07:ee,00:c1:b1:14:eb:31,192.168.10.14,50905,107.21.244.211,443,6,0.050914,5,3,2,350,205,145,78.563850,sSEfFR,0.050914
b8:ac:6f:36:07:ee,00:c1:b1:14:eb:31,192.168.10.14,50568,172.217.12.162,443,6,0.447833,23,11,12,3788,2722,1066,49.125454,sSE,0.447833
00:23:ae:9b:8a:bf,00:c1:b1:14:eb:31,192.168.10.16,56100,23.50.75.27,80,6,0.027614,4,2,2,264,132,132,108.640549,sSEf,0.027614
00:23:ae:9b:8a:bf,00:c1:b1:14:eb:31,192.168.10.16,34060,216.200.232.114,443,6,0.035241,5,3,2,361,229,132,113.504158,sSEfF,0.035241
00:23:ae:9b:8a:bf,00:c1:b1:14:eb:31,192.168.10.16,34080,216.200.232.114,443,6,0.035118,6,3,3,427,229,198,142.377136,sSEfF,0.035118
00:23:ae:9b:8a:bf,00:c1:b1:14:eb:31,192.168.10.16,53408,23.23.157.167,443,6,0.051806,6,4,2,446,283,163,96.513916,sSEfR,0.051806
00:23:ae:9b:8a:bf,00:c1:b1:14:eb:31,192.168.10.16,56096,23.50.75.27,80,6,0.023456,3,2,1,198,132,66,85.266029,sSEf,0.023456
00:23:ae:9b:8a:bf,00:c1:b1:14:eb:31,192.168.10.16,42776,52.84.143.13,80,6,0.022255,3,2,1,198,132,66,89.867447,sSEf,0.022255
00:23:ae:9b:8a:bf,00:c1:b1:14:eb:31,192.168.10.16,57930,50.116.194.21,443,6,0.051711,2,1,1,132,66,66,19.338245,sSEfF,0.051711
00:23:ae:9b:8a:bf,00:c1:b1:14:eb:31,192.168.10.16,57922,50.116.194.21,443,6,0.177523,6,3,3,449,198,251,28.165363,sSEfF,0.177523
b8:ac:6f:36:07:ee,18:66:da:9b:e3:7d,192.168.10.14,62529,192.168.10.3,53,17,0.051464,4,2,2,386,156,230,58.293179,CON,0.051464
18:66:da:9b:e3:7d,00:c1:b1:14:eb:31,192.168.10.3,60826,192.168.10.1,53,17,0.051381,2,1,1,202,93,109,19.462448,CON,0.051381
00:23:ae:9b:8a:bf,00:c1:b1:14:eb:31,192.168.10.16,48014,8.43.72.21,443,6,0.321686,12,7,5,4000,997,3003,34.194836,sSE,0.321686
00:23:ae:9b:8a:bf,00:c1:b1:14:eb:31,192.168.10.16,54530,152.163.56.2,443,6,0.314608,11,6,5,1110,662,448,31.785587,sSE,0.314608
00:23:ae:9b:8a:bf,00:c1:b1:14:eb:31,192.168.10.16,57342,68.67.178.111,443,6,0.354521,9,5,4,1319,906,413,22.565659,sSE,0.354521
00:23:ae:9b:8a:bf,00:c1:b1:14:eb:31,192.168.10.16,49678,54.153.94.27,443,6,0.529866,9,5,4,1027,610,417,15.098158,sSE,0.529866
00:23:ae:9b:8a:bf,00:c1:b1:14:eb:31,192.168.10.16,58322,193.70.45.30,443,6,2.754050,24,14,10,8728,2427,6301,8.351337,sSEfF,2.754050
b8:ac:6f:36:07:ee,00:c1:b1:14:eb:31,192.168.10.14,50849,23.36.34.44,443,6,4.947173,12,5,7,3375,1227,2148,2.223492,sSE,4.947173
00:c1:b1:14:eb:31,00:23:ae:9b:8a:bf,191.237.24.89,443,192.168.10.16,34436,6,0.000011,2,1,1,185,119,66,90909.093750,E,0.000011
b8:ac:6f:36:07:ee,00:c1:b1:14:eb:31,192.168.10.14,50754,54.172.7.186,443,6,0.050146,2,1,1,126,60,66,19.941771,sSE,0.050146
b8:ac:6f:36:07:ee,18:66:da:9b:e3:7d,192.168.10.14,59889,192.168.10.3,53,17,0.000150,4,2,2,360,164,196,20000.000000,CON,0.000150
b8:ac:6f:36:07:ee,18:66:da:9b:e3:7d,192.168.10.14,61535,192.168.10.3,53,17,0.053196,4,2,2,448,164,284,56.395214,CON,0.053196
18:66:da:9b:e3:7d,00:c1:b1:14:eb:31,192.168.10.3,60648,192.168.10.1,53,17,0.053013,2,1,1,246,93,153,18.863297,CON,0.053013
00:23:ae:9b:8a:bf,00:c1:b1:14:eb:31,192.168.10.16,52126,184.73.199.125,443,6,1.020629,18,10,8,2848,1788,1060,16.656395,sSEfF,1.020629
b8:ac:6f:36:07:ee,00:c1:b1:14:eb:31,192.168.10.14,50659,23.61.187.27,80,6,0.039032,2,1,1,126,60,66,25.620003,sSE,0.039032
00:23:ae:9b:8a:bf,18:66:da:9b:e3:7d,192.168.10.16,17475,192.168.10.3,53,17,0.024010,4,2,2,492,154,338,124.947937,CON,0.024010
00:23:ae:9b:8a:bf,18:66:da:9b:e3:7d,192.168.10.16,52232,192.168.10.3,53,17,0.000226,4,2,2,576,154,422,13274.335938,CON,0.000226
18:66:da:9b:e3:7d,00:c1:b1:14:eb:31,192.168.10.3,60884,192.168.10.1,53,17,0.023572,2,1,1,202,93,109,42.423214,CON,0.023572
b8:ac:6f:36:07:ee,00:c1:b1:14:eb:31,192.168.10.14,50965,172.217.12.134,443,6,2.491568,40,18,22,8993,2575,6418,15.652793,sSE,2.491568
70:6e:6d:1d:bb:08,01:00:0c:cc:cc:cc,01:00:0c:cc:cc:cc,170,70:6e:6d:1d:bb:08,170,0,0.000000,1,1,0,457,457,0,0.000000,INT,0.000000
b8:ac:6f:36:07:ee,00:c1:b1:14:eb:31,192.168.10.14,50759,52.55.125.33,443,6,0.050529,2,1,1,126,60,66,19.790615,sSE,0.050529
b8:ac:6f:36:07:ee,00:c1:b1:14:eb:31,192.168.10.14,50756,52.89.104.64,443,6,0.082650,2,1,1,126,60,66,12.099214,sSE,0.082650
b8:ac:6f:36:07:ee,18:66:da:9b:e3:7d,192.168.10.14,53571,192.168.10.3,53,17,0.050418,4,2,2,424,174,250,59.502560,CON,0.050418
18:66:da:9b:e3:7d,00:c1:b1:14:eb:31,192.168.10.3,62323,192.168.10.1,53,17,0.050179,2,1,1,234,98,136,19.928656,CON,0.050179
00:23:ae:9b:8a:bf,00:c1:b1:14:eb:31,192.168.10.16,57334,23.194.180.170,443,6,1.464611,14,9,5,3768,1272,2496,8.876077,sSE,1.464611
00:23:ae:9b:8a:bf,00:c1:b1:14:eb:31,192.168.10.16,52486,162.248.16.24,443,6,0.931637,19,9,10,2434,830,1604,19.320829,sSEfF,0.931637
00:23:ae:9b:8a:bf,00:c1:b1:14:eb:31,192.168.10.16,50688,52.203.250.70,443,6,1.488808,18,10,8,7969,1369,6600,11.418530,sSE,1.488808
00:23:ae:9b:8a:bf,00:c1:b1:14:eb:31,192.168.10.16,55084,192.82.242.23,443,6,0.867428,21,10,11,2240,889,1351,23.056669,sSEfF,0.867428
00:23:ae:9b:8a:bf,00:c1:b1:14:eb:31,192.168.10.16,49136,216.58.219.228,443,6,4.527432,53,28,25,14726,4541,10185,11.485539,sSE,4.527432
00:23:ae:9b:8a:bf,00:c1:b1:14:eb:31,192.168.10.16,46210,172.217.12.162,443,6,4.176337,37,20,17,8668,2768,5900,8.619994,sSE,4.176337
00:23:ae:9b:8a:bf,00:c1:b1:14:eb:31,192.168.10.16,44396,185.86.139.59,443,6,3.930012,16,8,8,8642,5216,3426,3.816782,sSE,3.930012
00:23:ae:9b:8a:bf,00:c1:b1:14:eb:31,192.168.10.16,44402,185.86.139.59,443,6,2.509796,12,6,6,6156,3880,2276,4.382826,sSE,2.509796
b8:ac:6f:36:07:ee,18:66:da:9b:e3:7d,192.168.10.14,62572,192.168.10.3,53,17,0.000241,4,2,2,534,168,366,12448.132812,CON,0.000241
b8:ac:6f:36:07:ee,18:66:da:9b:e3:7d,192.168.10.14,51569,192.168.10.3,53,17,0.000205,4,2,2,360,164,196,14634.146484,CON,0.000205
b8:ac:6f:36:07:ee,18:66:da:9b:e3:7d,192.168.10.14,59321,192.168.10.3,53,17,0.047889,4,2,2,398,162,236,62.644863,CON,0.047889
18:66:da:9b:e3:7d,00:c1:b1:14:eb:31,192.168.10.3,60344,192.168.10.1,53,17,0.047394,2,1,1,198,91,107,21.099718,CON,0.047394
b8:ac:6f:36:07:ee,00:c1:b1:14:eb:31,192.168.10.14,50966,192.243.250.36,443,6,0.272113,16,7,9,7378,1663,5715,55.124161,sSE,0.272113
b8:ac:6f:36:07:ee,00:c1:b1:14:eb:31,192.168.10.14,50752,185.86.139.58,443,6,0.115558,2,1,1,120,60,60,8.653664,sSE,0.115558
b8:ac:6f:36:0a:8b,18:66:da:9b:e3:7d,192.168.10.5,56449,192.168.10.3,53,17,0.000224,4,2,2,420,176,244,13392.857422,CON,0.000224
b8:ac:6f:36:0a:8b,18:66:da:9b:e3:7d,192.168.10.5,53716,192.168.10.3,53,17,0.049388,6,4,2,920,528,392,101.239166,CON,0.049388
18:66:da:9b:e3:7d,00:c1:b1:14:eb:31,192.168.10.3,61845,192.168.10.1,53,17,0.048922,2,1,1,350,143,207,20.440702,CON,0.048922
b8:ac:6f:36:07:ee,18:66:da:9b:e3:7d,192.168.10.14,57853,192.168.10.3,53,17,0.000189,4,2,2,352,160,192,15873.015625,CON,0.000189
b8:ac:6f:36:07:ee,00:c1:b1:14:eb:31,192.168.10.14,50967,52.216.86.107,443,6,0.159397,14,7,7,1624,738,886,81.557365,sSE,0.159397
18:66:da:9b:e3:7d,00:23:ae:9b:8a:bf,192.168.10.3,,192.168.10.16,,2054,0.000077,4,2,2,240,120,120,38961.039062,CON,0.000077
b8:ac:6f:36:07:ee,00:c1:b1:14:eb:31,192.168.10.14,50758,72.30.2.182,443,6,0.026563,5,2,3,705,307,398,150.585403,sSE,0.026563
00:23:ae:9b:8a:bf,00:c1:b1:14:eb:31,192.168.10.16,44438,185.86.139.59,443,6,0.639397,8,4,4,3896,2441,1455,10.947814,sSE,0.639397
00:23:ae:9b:8a:bf,00:c1:b1:14:eb:31,192.168.10.16,44436,185.86.139.59,443,6,3.184225,16,8,8,8768,5292,3476,4.710722,sSE,3.184225
b8:ac:6f:36:08:f5,00:c1:b1:14:eb:31,192.168.10.8,49269,52.43.87.30,443,6,0.083830,2,1,1,120,60,60,11.928904,sSE,0.083830
00:23:ae:9b:95:67,00:c1:b1:14:eb:31,192.168.10.17,55691,192.229.173.173,443,6,0.023319,2,1,1,132,66,66,42.883484,sSE,0.023319
00:23:ae:9b:8a:bf,18:66:da:9b:e3:7d,192.168.10.16,2040,192.168.10.3,53,17,0.058874,4,2,2,428,150,278,50.956280,CON,0.058874
00:23:ae:9b:8a:bf,18:66:da:9b:e3:7d,192.168.10.16,42037,192.168.10.3,53,17,0.023960,4,2,2,452,150,302,125.208679,CON,0.023960
18:66:da:9b:e3:7d,00:c1:b1:14:eb:31,192.168.10.3,61065,192.168.10.1,53,17,0.058654,2,1,1,236,86,150,17.049135,CON,0.058654
18:66:da:9b:e3:7d,00:c1:b1:14:eb:31,192.168.10.3,61081,192.168.10.1,53,17,0.023526,2,1,1,248,86,162,42.506165,CON,0.023526
b8:ac:6f:36:0a:8b,01:00:5e:7f:ff:fa,192.168.10.5,53717,239.255.255.250,1900,17,3.032352,98,98,0,21168,21168,0,31.988371,INT,3.032352
00:23:ae:9b:8a:bf,00:c1:b1:14:eb:31,192.168.10.16,38116,54.183.219.110,443,6,0.086628,2,1,1,132,66,66,11.543612,sSE,0.086628
00:23:ae:9b:8a:bf,00:c1:b1:14:eb:31,192.168.10.16,44434,185.86.139.59,443,6,0.113058,4,2,2,1934,1227,707,26.535053,sSE,0.113058
b8:ac:6f:36:07:ee,00:c1:b1:14:eb:31,192.168.10.14,50777,172.217.10.226,443,6,0.128914,8,3,5,1596,532,1064,54.299767,sSE,0.128914
