SrcMac,DstMac,SrcAddr,Sport,DstAddr,Dport,Proto,Mean,TotPkts,SrcPkts,DstPkts,TotBytes,SrcBytes,DstBytes,Rate,State,Dur
b8:ac:6f:36:07:ee,00:c1:b1:14:eb:31,192.168.10.14,50095,13.107.4.50,80,6,5.093814,11765,7025,4740,7569370,425884,7143486,2309.468018,E,5.093814
00:23:ae:9b:8a:bf,00:c1:b1:14:eb:31,192.168.10.16,42372,178.255.83.1,80,6,0.116957,3,2,1,198,132,66,17.100302,EfF,0.116957
00:c1:b1:14:eb:31,18:66:da:9b:e3:7d,192.168.10.1,53,192.168.10.3,62076,17,0.000000,1,1,0,138,138,0,0.000000,INT,0.000000
18:66:da:9b:e3:7d,b8:ac:6f:36:07:ee,192.168.10.3,53,192.168.10.14,56829,17,0.000001,2,2,0,254,254,0,1000000.000000,INT,0.000001
00:23:ae:9b:8a:bf,18:66:da:9b:e3:7d,192.168.10.16,60177,192.168.10.3,53,17,0.048978,4,2,2,796,142,654,61.251991,CON,0.048978
00:23:ae:9b:8a:bf,18:66:da:9b:e3:7d,192.168.10.16,9408,192.168.10.3,53,17,0.024115,4,2,2,454,142,312,124.403900,CON,0.024115
18:66:da:9b:e3:7d,00:c1:b1:14:eb:31,192.168.10.3,61012,192.168.10.1,53,17,0.048795,2,1,1,420,82,338,20.493904,CON,0.048795
18:66:da:9b:e3:7d,00:c1:b1:14:eb:31,192.168.10.3,61826,192.168.10.1,53,17,0.023690,2,1,1,249,82,167,42.211903,CON,0.023690
b8:ac:6f:36:07:ee,00:c1:b1:14:eb:31,192.168.10.14,50358,195.154.181.230,443,6,0.388555,23,10,13,11815,1244,10571,56.620041,SEfFC,0.388555
00:23:ae:9b:8a:bf,18:66:da:9b:e3:7d,192.168.10.16,54302,192.168.10.3,53,17,0.000184,4,2,2,492,144,348,16304.347656,CON,0.000184
00:23:ae:9b:8a:bf,18:66:da:9b:e3:7d,192.168.10.16,14851,192.168.10.3,53,17,0.000256,4,2,2,572,144,428,11718.750000,CON,0.000256
b8:ac:6f:36:08:f5,18:66:da:9b:e3:7d,192.168.10.8,49182,192.168.10.3,88,6,0.000683,16,8,8,1764,926,838,21961.931641,sSEfR,0.000683
00:23:ae:9b:8a:bf,18:66:da:9b:e3:7d,192.168.10.16,25389,192.168.10.3,53,17,0.121247,4,2,2,390,144,246,24.742880,CON,0.121247
00:23:ae:9b:8a:bf,18:66:da:9b:e3:7d,192.168.10.16,19790,192.168.10.3,53,17,0.071808,4,2,2,500,144,356,41.778072,CON,0.071808
18:66:da:9b:e3:7d,00:c1:b1:14:eb:31,192.168.10.3,62182,192.168.10.1,53,17,0.120894,2,1,1,217,83,134,8.271709,CON,0.120894
18:66:da:9b:e3:7d,00:c1:b1:14:eb:31,192.168.10.3,61953,192.168.10.1,53,17,0.071509,2,1,1,269,83,186,13.984253,CON,0.071509
b8:ac:6f:36:08:f5,18:66:da:9b:e3:7d,192.168.10.8,49183,192.168.10.3,88,6,0.001058,16,10,6,1578,1206,372,14177.693359,sSEfFR,0.001058
b8:ac:6f:36:08:f5,18:66:da:9b:e3:7d,192.168.10.8,49184,192.168.10.3,88,6,0.001032,16,8,8,6482,3222,3260,14534.884766,SEfFCR,0.001032
b8:ac:6f:36:04:e3,00:c1:b1:14:eb:31,192.168.10.12,60250,23.50.75.27,80,6,0.024646,2,1,1,132,66,66,40.574535,E,0.024646
b8:ac:6f:36:04:e3,00:c1:b1:14:eb:31,192.168.10.12,60286,23.50.75.27,80,6,0.024633,2,1,1,132,66,66,40.595947,E,0.024633
b8:ac:6f:36:07:ee,18:66:da:9b:e3:7d,192.168.10.14,64767,192.168.10.3,53,17,0.053923,4,2,2,412,172,240,55.634888,CON,0.053923
18:66:da:9b:e3:7d,00:c1:b1:14:eb:31,192.168.10.3,61977,192.168.10.1,53,17,0.053490,2,1,1,228,97,131,18.695082,CON,0.053490
b8:ac:6f:36:07:ee,18:66:da:9b:e3:7d,192.168.10.14,49382,192.168.10.3,53,17,0.051755,4,2,2,656,264,392,57.965416,CON,0.051755
18:66:da:9b:e3:7d,00:c1:b1:14:eb:31,192.168.10.3,61955,192.168.10.1,53,17,0.051141,2,1,1,350,143,207,19.553782,CON,0.051141
00:23:ae:9b:8a:bf,00:c1:b1:14:eb:31,192.168.10.16,50202,50.63.243.230,80,6,0.143608,10,5,5,3356,759,2597,62.670601,EfF,0.143608
00:23:ae:9b:8a:bf,00:c1:b1:14:eb:31,192.168.10.16,37564,104.16.165.179,443,6,0.016537,2,1,1,120,60,60,60.470463,E,0.016537
00:23:ae:9b:8a:bf,00:c1:b1:14:eb:31,192.168.10.16,46670,172.217.10.34,443,6,0.081018,4,2,2,356,178,178,37.028809,E,0.081018
00:23:ae:9b:8a:bf,00:c1:b1:14:eb:31,192.168.10.16,54706,35.185.41.131,443,6,0.052850,4,3,1,295,229,66,56.764427,EfF,0.052850
00:23:ae:9b:8a:bf,00:c1:b1:14:eb:31,192.168.10.16,37656,162.208.20.184,443,6,0.087071,3,2,1,1102,542,560,22.969759,E,0.087071
00:23:ae:9b:8a:bf,00:c1:b1:14:eb:31,192.168.10.16,34706,54.86.132.40,443,6,0.056234,3,2,1,1116,632,484,35.565674,E,0.056234
00:23:ae:9b:8a:bf,00:c1:b1:14:eb:31,192.168.10.16,44734,146.20.128.133,443,6,0.588487,23,13,10,6062,1642,4420,37.384003,sSE,0.588487
00:23:ae:9b:8a:bf,00:c1:b1:14:eb:31,192.168.10.16,50208,50.63.243.230,80,6,0.034826,3,2,1,214,140,74,57.428360,sSE,0.034826
00:23:ae:9b:8a:bf,00:c1:b1:14:eb:31,192.168.10.16,50210,50.63.243.230,80,6,0.422423,10,6,4,1105,833,272,21.305658,sSEfF,0.422423
00:23:ae:9b:8a:bf,00:c1:b1:14:eb:31,192.168.10.16,50212,50.63.243.230,80,6,0.340900,10,6,4,1103,831,272,26.400703,sSEfF,0.340900
00:23:ae:9b:8a:bf,00:c1:b1:14:eb:31,192.168.10.16,41628,23.61.187.27,80,6,0.097815,6,4,2,844,704,140,51.116905,sSE,0.097815
00:23:ae:9b:8a:bf,00:c1:b1:14:eb:31,192.168.10.16,44744,146.20.128.133,443,6,0.653998,25,14,11,5481,1486,3995,36.697357,sSEfF,0.653998
00:23:ae:9b:8a:bf,00:c1:b1:14:eb:31,192.168.10.16,44746,146.20.128.133,443,6,0.773998,31,19,12,6672,2116,4556,38.759789,sSEfF,0.773998
00:23:ae:9b:8a:bf,00:c1:b1:14:eb:31,192.168.10.16,44748,146.20.128.133,443,6,0.772733,28,18,10,3581,2053,1528,34.940918,sSEfF,0.772733
00:23:ae:9b:8a:bf,00:c1:b1:14:eb:31,192.168.10.16,50222,50.63.243.230,80,6,0.298246,12,6,6,3500,831,2669,36.882305,sSEfF,0.298246
00:23:ae:9b:8a:bf,00:c1:b1:14:eb:31,192.168.10.16,50224,50.63.243.230,80,6,0.297689,12,6,6,3500,831,2669,36.951317,sSEfF,0.297689
00:23:ae:9b:8a:bf,00:c1:b1:14:eb:31,192.168.10.16,41640,23.61.187.27,80,6,0.042577,3,2,1,214,140,74,46.973721,sSE,0.042577
00:23:ae:9b:8a:bf,00:c1:b1:14:eb:31,192.168.10.16,53648,198.8.70.211,443,6,0.373997,15,9,6,5952,1984,3968,37.433456,sSE,0.373997
00:23:ae:9b:8a:bf,00:c1:b1:14:eb:31,192.168.10.16,54494,146.20.129.71,443,6,0.342158,7,4,3,1792,1264,528,17.535759,E,0.342158
00:23:ae:9b:8a:bf,00:c1:b1:14:eb:31,192.168.10.16,34352,54.152.103.37,443,6,0.052090,3,2,1,1012,443,569,38.395084,E,0.052090
b8:ac:6f:36:08:f5,18:66:da:9b:e3:7d,192.168.10.8,49156,192.168.10.3,135,6,0.197930,6,4,2,1016,564,452,25.261457,E,0.197930
b8:ac:6f:36:08:f5,18:66:da:9b:e3:7d,192.168.10.8,49185,192.168.10.3,88,6,0.000736,16,8,8,1788,938,850,20380.433594,sSEfFR,0.000736
00:23:ae:9b:8a:bf,18:66:da:9b:e3:7d,192.168.10.16,3463,192.168.10.3,53,17,0.001174,4,2,2,792,140,652,2555.366211,CON,0.001174
00:23:ae:9b:8a:bf,18:66:da:9b:e3:7d,192.168.10.16,19876,192.168.10.3,53,17,0.000284,4,2,2,450,140,310,10563.379883,CON,0.000284
18:66:da:9b:e3:7d,00:c1:b1:14:eb:31,192.168.10.3,60237,192.168.10.1,53,17,0.000597,2,1,1,418,81,337,1675.041870,CON,0.000597
b8:ac:6f:36:08:f5,18:66:da:9b:e3:7d,192.168.10.8,49186,192.168.10.3,88,6,0.001157,16,10,6,1590,1218,372,12964.563477,sSEfFR,0.001157
b8:ac:6f:36:08:f5,18:66:da:9b:e3:7d,192.168.10.8,49187,192.168.10.3,88,6,0.007777,16,6,10,3888,372,3516,1928.764282,SEfCR,0.007777
18:66:da:9b:e3:7d,b8:ac:6f:36:08:f5,192.168.10.3,49666,192.168.10.8,49158,6,0.197080,26,14,12,6318,3522,2796,126.852036,E,0.197080
00:23:ae:9b:8a:bf,00:c1:b1:14:eb:31,192.168.10.16,50230,50.63.243.230,80,6,0.037584,3,2,1,214,140,74,53.214134,sSE,0.037584
00:23:ae:9b:8a:bf,18:66:da:9b:e3:7d,192.168.10.16,41881,192.168.10.3,53,17,0.000332,4,2,2,792,140,652,9036.144531,CON,0.000332
00:23:ae:9b:8a:bf,18:66:da:9b:e3:7d,192.168.10.16,44211,192.168.10.3,53,17,0.000362,4,2,2,450,140,310,8287.292969,CON,0.000362
00:23:ae:9b:8a:bf,00:c1:b1:14:eb:31,192.168.10.16,54596,146.20.129.71,443,6,0.775486,33,19,14,9004,2195,6809,41.264446,sSEfF,0.775486
b8:ac:6f:36:07:ee,00:c1:b1:14:eb:31,192.168.10.14,50144,172.217.10.78,443,6,0.086023,3,2,1,260,160,100,23.249596,E,0.086023
b8:ac:6f:36:07:ee,00:c1:b1:14:eb:31,192.168.10.14,50111,23.194.140.100,443,6,0.073434,3,2,1,260,160,100,27.235340,E,0.073434
00:23:ae:9b:8a:bf,00:c1:b1:14:eb:31,192.168.10.16,54598,146.20.129.71,443,6,0.687871,27,15,12,7902,1551,6351,37.797787,sSEfF,0.687871
b8:ac:6f:36:07:ee,00:c1:b1:14:eb:31,192.168.10.14,50359,195.154.181.230,443,6,0.435344,21,9,12,9396,1410,7986,45.940681,sSEfF,0.435344
00:23:ae:9b:8a:bf,18:66:da:9b:e3:7d,192.168.10.16,34080,192.168.10.3,53,17,0.080689,4,2,2,418,150,268,37.179790,CON,0.080689
00:23:ae:9b:8a:bf,18:66:da:9b:e3:7d,192.168.10.16,6416,192.168.10.3,53,17,0.027302,4,2,2,386,150,236,109.882057,CON,0.027302
18:66:da:9b:e3:7d,00:c1:b1:14:eb:31,192.168.10.3,62067,192.168.10.1,53,17,0.080281,2,1,1,231,86,145,12.456248,CON,0.080281
18:66:da:9b:e3:7d,00:c1:b1:14:eb:31,192.168.10.3,60385,192.168.10.1,53,17,0.026199,2,1,1,297,86,211,38.169395,CON,0.026199
00:23:ae:9b:8a:bf,18:66:da:9b:e3:7d,192.168.10.16,5363,192.168.10.3,53,17,0.023963,4,2,2,758,170,588,125.193001,CON,0.023963
00:23:ae:9b:8a:bf,18:66:da:9b:e3:7d,192.168.10.16,41379,192.168.10.3,53,17,0.024059,4,2,2,666,170,496,124.693466,CON,0.024059
18:66:da:9b:e3:7d,00:c1:b1:14:eb:31,192.168.10.3,60789,192.168.10.1,53,17,0.023189,2,1,1,401,96,305,43.123894,CON,0.023189
18:66:da:9b:e3:7d,00:c1:b1:14:eb:31,192.168.10.3,62071,192.168.10.1,53,17,0.023684,2,1,1,355,96,259,42.222595,CON,0.023684
18:66:da:9b:e3:7d,00:c1:b1:14:eb:31,192.168.10.3,61926,192.168.10.1,53,17,0.000475,2,1,1,285,100,185,2105.263184,CON,0.000475
b8:ac:6f:36:07:ee,18:66:da:9b:e3:7d,192.168.10.14,50354,192.168.10.3,445,6,0.000276,10,6,4,1128,624,504,32608.695312,ER,0.000276
00:23:ae:9b:8a:bf,00:c1:b1:14:eb:31,192.168.10.16,50662,35.165.161.128,443,6,0.086126,3,2,1,1170,456,714,23.221792,E,0.086126
00:23:ae:9b:8a:bf,00:c1:b1:14:eb:31,192.168.10.16,36776,52.200.172.106,443,6,0.053165,3,2,1,1255,460,795,37.618732,E,0.053165
00:23:ae:9b:8a:bf,00:c1:b1:14:eb:31,192.168.10.16,36774,52.200.172.106,443,6,0.052458,3,2,1,1356,460,896,38.125740,E,0.052458
00:23:ae:9b:8a:bf,00:c1:b1:14:eb:31,192.168.10.16,49408,173.241.242.143,443,6,0.038214,3,2,1,1337,812,525,52.336838,E,0.038214
b8:ac:6f:36:08:f5,ff:ff:ff:ff:ff:ff,192.168.10.8,137,192.168.10.255,137,17,0.000103,26,26,0,2392,2392,0,242718.453125,INT,0.000103
b8:ac:6f:36:07:ee,00:c1:b1:14:eb:31,192.168.10.14,50360,195.154.181.230,443,6,0.499563,15,7,8,2507,1290,1217,28.024492,sSEfF,0.499563
b8:ac:6f:36:07:ee,00:c1:b1:14:eb:31,192.168.10.14,50361,195.154.181.230,443,6,0.417689,15,7,8,2503,1288,1215,33.517761,sSEfF,0.417689
b8:ac:6f:36:07:ee,00:c1:b1:14:eb:31,192.168.10.14,50362,195.154.181.230,443,6,0.498672,15,7,8,2509,1291,1218,28.074566,sSEfF,0.498672
00:23:ae:9b:8a:bf,00:c1:b1:14:eb:31,192.168.10.16,55970,52.84.140.151,443,6,0.261068,11,6,5,5198,596,4602,38.304199,sSER,0.261068
00:23:ae:9b:8a:bf,00:c1:b1:14:eb:31,192.168.10.16,53586,52.200.51.46,443,6,0.404235,9,6,3,989,732,257,19.790468,sSE,0.404235
00:23:ae:9b:8a:bf,00:c1:b1:14:eb:31,192.168.10.16,53588,52.200.51.46,443,6,0.310341,11,7,4,2374,654,1720,32.222618,sSEfR,0.310341
00:23:ae:9b:8a:bf,00:c1:b1:14:eb:31,192.168.10.16,35586,52.4.208.247,443,6,0.091352,4,2,2,384,194,190,32.840004,E,0.091352
b8:ac:6f:36:07:ee,00:c1:b1:14:eb:31,192.168.10.14,50363,195.154.181.230,443,6,1.643105,17,9,8,2937,1724,1213,9.737661,sSEfFR,1.643105
b8:ac:6f:36:07:ee,00:c1:b1:14:eb:31,192.168.10.14,50364,195.154.181.230,443,6,0.381994,8,4,4,1183,802,381,18.324894,sSE,0.381994
b8:ac:6f:36:07:ee,18:66:da:9b:e3:7d,192.168.10.14,62344,192.168.10.3,53,17,0.127171,6,4,2,644,300,344,39.317142,CON,0.127171
b8:ac:6f:36:07:ee,18:66:da:9b:e3:7d,192.168.10.14,49586,192.168.10.3,53,17,0.051859,4,2,2,456,168,288,57.849171,CON,0.051859
18:66:da:9b:e3:7d,00:c1:b1:14:eb:31,192.168.10.3,61305,192.168.10.1,53,17,0.126581,2,1,1,269,86,183,7.900080,CON,0.126581
18:66:da:9b:e3:7d,00:c1:b1:14:eb:31,192.168.10.3,61269,192.168.10.1,53,17,0.051236,2,1,1,224,104,120,19.517527,CON,0.051236
b8:ac:6f:36:04:e3,00:c1:b1:14:eb:31,192.168.10.12,47318,54.248.121.156,443,6,0.189172,2,1,1,132,66,66,5.286195,E,0.189172
b8:ac:6f:36:07:ee,18:66:da:9b:e3:7d,192.168.10.14,63566,192.168.10.3,53,17,0.000222,4,2,2,404,186,218,13513.513672,CON,0.000222
00:c1:b1:14:eb:31,b8:ac:6f:36:04:e3,72.30.3.43,443,192.168.10.12,36788,6,0.025306,5,3,2,361,229,132,158.065277,EfF,0.025306
b8:ac:6f:36:07:ee,18:66:da:9b:e3:7d,192.168.10.14,63376,192.168.10.3,53,17,0.000186,4,2,2,428,186,242,16129.032227,CON,0.000186
b8:ac:6f:36:07:ee,00:c1:b1:14:eb:31,192.168.10.14,50365,172.217.10.110,443,6,0.243949,26,12,14,7004,1677,5327,102.480438,sSE,0.243949
00:c1:b1:14:eb:31,b8:ac:6f:36:07:ee,23.194.142.54,80,192.168.10.14,50352,6,0.023207,4,2,2,240,120,120,129.271347,fF,0.023207
b8:ac:6f:36:07:ee,00:c1:b1:14:eb:31,192.168.10.14,50202,216.200.232.61,443,6,0.035228,2,1,1,126,60,66,28.386511,E,0.035228
b8:ac:6f:36:07:ee,00:c1:b1:14:eb:31,192.168.10.14,50366,46.105.201.240,443,6,0.602886,21,12,9,6201,1436,4765,33.173767,sSE,0.602886
b8:ac:6f:36:07:ee,00:c1:b1:14:eb:31,192.168.10.14,50367,46.105.201.240,443,6,0.452264,27,16,11,3997,1735,2262,57.488544,sSEfFR,0.452264
b8:ac:6f:36:07:ee,18:66:da:9b:e3:7d,192.168.10.14,58031,192.168.10.3,53,17,0.000176,4,2,2,404,186,218,17045.455078,CON,0.000176
b8:ac:6f:36:07:ee,18:66:da:9b:e3:7d,192.168.10.14,55425,192.168.10.3,53,17,0.023824,4,2,2,482,186,296,125.923431,CON,0.023824
18:66:da:9b:e3:7d,00:c1:b1:14:eb:31,192.168.10.3,61385,192.168.10.1,53,17,0.023457,2,1,1,263,104,159,42.631199,CON,0.023457
b8:ac:6f:36:07:ee,00:c1:b1:14:eb:31,192.168.10.14,50204,216.200.232.61,443,6,0.035120,2,1,1,126,60,66,28.473804,E,0.035120
00:23:ae:9b:8a:bf,00:c1:b1:14:eb:31,192.168.10.16,55976,52.84.140.151,443,6,0.196757,13,7,6,5698,788,4910,60.988934,sSE,0.196757
b8:ac:6f:36:07:ee,18:66:da:9b:e3:7d,192.168.10.14,63270,192.168.10.3,53,17,0.230083,6,4,2,758,348,410,21.731287,CON,0.230083
18:66:da:9b:e3:7d,00:c1:b1:14:eb:31,192.168.10.3,62135,192.168.10.1,53,17,0.229509,2,1,1,314,98,216,4.357128,CON,0.229509
00:23:ae:9b:8a:bf,00:c1:b1:14:eb:31,192.168.10.16,42366,178.255.83.1,80,6,2.048267,5,2,3,338,132,206,1.952870,SEfFC,2.048267
b8:ac:6f:36:04:e3,00:c1:b1:14:eb:31,192.168.10.12,47326,54.248.121.156,443,6,0.187473,2,1,1,132,66,66,5.334102,E,0.187473
b8:ac:6f:36:04:e3,00:c1:b1:14:eb:31,192.168.10.12,47324,54.248.121.156,443,6,0.188477,2,1,1,132,66,66,5.305687,E,0.188477
00:23:ae:9b:8a:bf,00:c1:b1:14:eb:31,192.168.10.16,48114,172.217.10.226,443,6,2.380089,40,18,22,4668,2537,2131,16.385942,E,2.380089
b8:ac:6f:36:07:ee,18:66:da:9b:e3:7d,192.168.10.14,49680,192.168.10.3,53,17,0.156838,6,4,2,586,352,234,31.880030,CON,0.156838
18:66:da:9b:e3:7d,00:c1:b1:14:eb:31,192.168.10.3,60626,192.168.10.1,53,17,0.156442,2,1,1,227,99,128,6.392145,CON,0.156442
b8:ac:6f:36:07:ee,18:66:da:9b:e3:7d,192.168.10.14,61679,192.168.10.3,53,17,0.000007,4,2,2,426,174,252,428571.437500,CON,0.000007
b8:ac:6f:36:07:ee,18:66:da:9b:e3:7d,192.168.10.14,55593,192.168.10.3,53,17,0.057828,4,2,2,456,174,282,51.877983,CON,0.057828
18:66:da:9b:e3:7d,00:c1:b1:14:eb:31,192.168.10.3,61887,192.168.10.1,53,17,0.057406,2,1,1,250,98,152,17.419781,CON,0.057406
b8:ac:6f:36:0a:8b,00:c1:b1:14:eb:31,192.168.10.5,49254,43.251.41.28,443,6,0.284445,4,2,2,1527,730,797,10.546855,E,0.284445
b8:ac:6f:36:07:ee,00:c1:b1:14:eb:31,192.168.10.14,50368,23.15.4.10,80,6,0.081264,7,4,3,1774,681,1093,73.833435,sSE,0.081264
b8:ac:6f:36:07:ee,00:c1:b1:14:eb:31,192.168.10.14,50369,23.15.4.10,80,6,0.081254,7,4,3,1774,681,1093,73.842522,sSE,0.081254
b8:ac:6f:36:07:ee,00:c1:b1:14:eb:31,192.168.10.14,50370,23.15.4.10,80,6,0.015262,3,2,1,192,126,66,131.044418,sSE,0.015262
b8:ac:6f:36:07:ee,18:66:da:9b:e3:7d,192.168.10.14,60931,192.168.10.3,53,17,0.000300,4,2,2,384,160,224,10000.000000,CON,0.000300
b8:ac:6f:36:07:ee,18:66:da:9b:e3:7d,192.168.10.14,54688,192.168.10.3,53,17,0.124837,8,4,4,864,320,544,56.073116,CON,0.124837
18:66:da:9b:e3:7d,00:c1:b1:14:eb:31,192.168.10.3,61479,192.168.10.1,53,17,0.086301,2,1,1,238,91,147,11.587352,CON,0.086301
b8:ac:6f:36:07:ee,00:c1:b1:14:eb:31,192.168.10.14,50371,23.15.4.10,80,6,0.015168,3,2,1,192,126,66,131.856537,sSE,0.015168
b8:ac:6f:36:07:ee,00:c1:b1:14:eb:31,192.168.10.14,50159,172.217.12.174,443,6,0.085901,3,2,1,260,160,100,23.282616,E,0.085901
b8:ac:6f:36:07:ee,00:c1:b1:14:eb:31,192.168.10.14,50151,31.13.71.2,443,6,4.898769,12,7,5,930,525,405,2.245462,EfFR,4.898769
b8:ac:6f:36:07:ee,00:c1:b1:14:eb:31,192.168.10.14,50066,31.13.71.7,443,6,4.898491,11,6,5,870,465,405,2.041445,EfFR,4.898491
b8:ac:6f:36:07:ee,00:c1:b1:14:eb:31,192.168.10.14,50070,31.13.71.36,443,6,4.898873,11,6,5,870,465,405,2.041286,EfFR,4.898873
00:23:ae:9b:8a:bf,00:c1:b1:14:eb:31,192.168.10.16,50582,52.15.239.205,443,6,0.875743,6,3,3,3549,862,2687,5.709438,E,0.875743
b8:ac:6f:36:07:ee,18:66:da:9b:e3:7d,192.168.10.14,49333,192.168.10.3,53,17,0.024611,4,2,2,424,148,276,121.896713,CON,0.024611
18:66:da:9b:e3:7d,00:c1:b1:14:eb:31,192.168.10.3,62396,192.168.10.1,53,17,0.024147,2,1,1,234,85,149,41.413013,CON,0.024147
00:23:ae:9b:8a:bf,00:c1:b1:14:eb:31,192.168.10.16,50354,52.15.239.205,443,6,0.766469,11,6,5,8355,2223,6132,13.046842,E,0.766469
b8:ac:6f:36:07:ee,00:c1:b1:14:eb:31,192.168.10.14,50372,208.43.241.178,443,6,0.195239,15,8,7,4119,1281,2838,71.706985,sSEfF,0.195239
b8:ac:6f:36:07:ee,18:66:da:9b:e3:7d,192.168.10.14,63307,192.168.10.3,53,17,0.000061,4,2,2,424,148,276,49180.328125,CON,0.000061
b8:ac:6f:36:07:ee,18:66:da:9b:e3:7d,192.168.10.14,59131,192.168.10.3,53,17,0.024679,4,2,2,412,148,264,121.560844,CON,0.024679
18:66:da:9b:e3:7d,00:c1:b1:14:eb:31,192.168.10.3,62279,192.168.10.1,53,17,0.024287,2,1,1,228,85,143,41.174290,CON,0.024287
00:23:ae:9b:8a:bf,00:c1:b1:14:eb:31,192.168.10.16,41426,172.217.12.99,443,6,0.150581,9,4,5,947,499,448,53.127552,E,0.150581
00:c1:b1:14:eb:31,00:23:ae:9b:8a:bf,50.19.223.117,443,192.168.10.16,45542,6,0.059528,5,2,3,361,163,198,67.195267,EfF,0.059528
00:c1:b1:14:eb:31,b8:ac:6f:36:04:e3,202.241.208.52,443,192.168.10.12,43656,6,0.174739,5,3,2,361,229,132,22.891283,EfF,0.174739
b8:ac:6f:36:07:ee,18:66:da:9b:e3:7d,192.168.10.14,62454,192.168.10.3,53,17,0.065012,4,2,2,388,146,242,46.145329,CON,0.065012
18:66:da:9b:e3:7d,00:c1:b1:14:eb:31,192.168.10.3,61457,192.168.10.1,53,17,0.064570,2,1,1,216,84,132,15.487068,CON,0.064570
b8:ac:6f:36:07:ee,00:c1:b1:14:eb:31,192.168.10.14,50373,69.4.231.31,443,6,0.363753,18,10,8,6377,1252,5125,46.735012,sSEfF,0.363753
b8:ac:6f:36:07:ee,18:66:da:9b:e3:7d,192.168.10.14,54391,192.168.10.3,53,17,0.000220,4,2,2,388,146,242,13636.363281,CON,0.000220
b8:ac:6f:36:07:ee,18:66:da:9b:e3:7d,192.168.10.14,55023,192.168.10.3,53,17,0.061221,4,2,2,412,146,266,49.002792,CON,0.061221
18:66:da:9b:e3:7d,00:c1:b1:14:eb:31,192.168.10.3,61637,192.168.10.1,53,17,0.060810,2,1,1,228,84,144,16.444664,CON,0.060810
00:23:ae:9b:95:67,00:c1:b1:14:eb:31,192.168.10.17,123,199.199.208.25,123,17,0.050039,2,1,1,180,90,90,19.984411,CON,0.050039
b8:ac:6f:36:07:ee,18:66:da:9b:e3:7d,192.168.10.14,56189,192.168.10.3,53,17,0.023846,4,2,2,492,144,348,125.807259,CON,0.023846
18:66:da:9b:e3:7d,00:c1:b1:14:eb:31,192.168.10.3,62431,192.168.10.1,53,17,0.023454,2,1,1,265,106,159,42.636650,CON,0.023454
b8:ac:6f:36:04:e3,00:c1:b1:14:eb:31,192.168.10.12,39858,23.203.90.113,443,6,0.022964,2,1,1,132,66,66,43.546421,E,0.022964
b8:ac:6f:36:04:e3,00:c1:b1:14:eb:31,192.168.10.12,47320,54.248.121.156,443,6,0.189197,2,1,1,132,66,66,5.285496,E,0.189197
b8:ac:6f:36:0a:8b,00:c1:b1:14:eb:31,192.168.10.5,49417,13.82.187.188,443,6,0.239684,14,7,7,6133,1082,5051,54.238079,sSE,0.239684
b8:ac:6f:36:07:ee,00:c1:b1:14:eb:31,192.168.10.14,50374,23.61.187.27,80,6,0.135397,6,4,2,790,664,126,36.928440,sSE,0.135397
b8:ac:6f:36:07:ee,18:66:da:9b:e3:7d,192.168.10.14,51706,192.168.10.3,53,17,0.000215,4,2,2,376,172,204,13953.489258,CON,0.000215
b8:ac:6f:36:07:ee,18:66:da:9b:e3:7d,192.168.10.14,60135,192.168.10.3,53,17,0.061131,4,2,2,456,172,284,49.074936,CON,0.061131
18:66:da:9b:e3:7d,00:c1:b1:14:eb:31,192.168.10.3,61156,192.168.10.1,53,17,0.060831,2,1,1,250,97,153,16.438988,CON,0.060831
00:c1:b1:14:eb:31,00:23:ae:9b:8a:bf,191.237.24.89,443,192.168.10.16,34436,6,0.000083,2,1,1,185,119,66,12048.193359,E,0.000083
b8:ac:6f:36:07:ee,18:66:da:9b:e3:7d,192.168.10.14,54724,192.168.10.3,53,17,0.060557,4,2,2,388,146,242,49.540104,CON,0.060557
18:66:da:9b:e3:7d,00:c1:b1:14:eb:31,192.168.10.3,62463,192.168.10.1,53,17,0.060178,2,1,1,216,84,132,16.617369,CON,0.060178
b8:ac:6f:36:07:ee,18:66:da:9b:e3:7d,192.168.10.14,49404,192.168.10.3,53,17,0.023773,4,2,2,456,166,290,126.193581,CON,0.023773
18:66:da:9b:e3:7d,00:c1:b1:14:eb:31,192.168.10.3,61996,192.168.10.1,53,17,0.023421,2,1,1,250,94,156,42.696724,CON,0.023421
b8:ac:6f:36:07:ee,18:66:da:9b:e3:7d,192.168.10.14,59987,192.168.10.3,53,17,0.048501,4,2,2,448,174,274,61.854397,CON,0.048501
18:66:da:9b:e3:7d,00:c1:b1:14:eb:31,192.168.10.3,60715,192.168.10.1,53,17,0.048140,2,1,1,246,98,148,20.772745,CON,0.048140
b8:ac:6f:36:07:ee,18:66:da:9b:e3:7d,192.168.10.14,58830,192.168.10.3,53,17,0.048634,4,2,2,436,168,268,61.685242,CON,0.048634
18:66:da:9b:e3:7d,00:c1:b1:14:eb:31,192.168.10.3,61183,192.168.10.1,53,17,0.048202,2,1,1,240,95,145,20.746027,CON,0.048202
00:23:ae:9b:8a:bf,00:c1:b1:14:eb:31,192.168.10.16,56804,107.178.247.57,443,6,1.517096,47,21,26,7656,5324,2332,30.321087,E,1.517096
b8:ac:6f:36:07:ee,00:c1:b1:14:eb:31,192.168.10.14,50375,69.4.231.30,443,6,0.197437,15,8,7,4135,1247,2888,70.908691,sSEfF,0.197437
b8:ac:6f:36:07:ee,18:66:da:9b:e3:7d,192.168.10.14,58552,192.168.10.3,53,17,0.000186,4,2,2,388,146,242,16129.032227,CON,0.000186
b8:ac:6f:36:07:ee,18:66:da:9b:e3:7d,192.168.10.14,49841,192.168.10.3,53,17,0.060600,4,2,2,412,146,266,49.504948,CON,0.060600
18:66:da:9b:e3:7d,00:c1:b1:14:eb:31,192.168.10.3,61697,192.168.10.1,53,17,0.060228,2,1,1,228,84,144,16.603573,CON,0.060228
b8:ac:6f:36:0a:8b,00:c1:b1:14:eb:31,192.168.10.5,49372,23.194.181.110,443,6,0.028451,2,1,1,126,60,66,35.148151,E,0.028451
00:23:ae:9b:8a:bf,00:c1:b1:14:eb:31,192.168.10.16,44620,146.20.132.102,443,6,0.033552,4,3,1,791,687,104,89.413452,E,0.033552
00:23:ae:9b:8a:bf,00:c1:b1:14:eb:31,192.168.10.16,49376,13.58.146.190,443,6,0.154279,11,7,4,1829,1412,417,64.817635,sSE,0.154279
00:23:ae:9b:8a:bf,00:c1:b1:14:eb:31,192.168.10.16,123,158.69.247.184,123,17,0.016248,2,1,1,180,90,90,61.546032,CON,0.016248
00:23:ae:9b:8a:bf,00:c1:b1:14:eb:31,192.168.10.16,49378,13.58.146.190,443,6,0.187292,9,5,4,1033,616,417,42.714050,sSE,0.187292
00:23:ae:9b:8a:bf,00:c1:b1:14:eb:31,192.168.10.16,49380,13.58.146.190,443,6,0.175464,9,5,4,1033,616,417,45.593395,sSE,0.175464
b8:ac:6f:36:08:f5,18:66:da:9b:e3:7d,192.168.10.8,49188,192.168.10.3,389,6,2.075156,32,18,14,10244,5458,4786,14.938636,sSEfFR,2.075156
b8:ac:6f:36:08:f5,18:66:da:9b:e3:7d,192.168.10.8,49189,192.168.10.3,88,6,0.001311,16,6,10,3876,372,3504,11441.647461,sSEfR,0.001311
b8:ac:6f:36:08:f5,18:66:da:9b:e3:7d,192.168.10.8,49190,192.168.10.3,389,6,0.062010,24,12,12,3196,1480,1716,370.907898,sSEfR,0.062010
b8:ac:6f:36:08:f5,18:66:da:9b:e3:7d,192.168.10.8,49191,192.168.10.3,445,6,0.255934,34,18,16,8469,5419,3050,128.939499,sSE,0.255934
b8:ac:6f:36:0a:8b,00:c1:b1:14:eb:31,192.168.10.5,49373,172.217.11.10,443,6,0.036191,2,1,1,126,60,66,27.631178,E,0.036191
b8:ac:6f:36:0a:8b,00:c1:b1:14:eb:31,192.168.10.5,49374,69.147.82.61,443,6,0.842827,2,1,1,126,60,66,1.186483,E,0.842827
b8:ac:6f:36:08:f5,18:66:da:9b:e3:7d,192.168.10.8,49192,192.168.10.3,88,6,0.001316,16,6,10,3876,372,3504,11398.175781,sSEfR,0.001316
b8:ac:6f:36:08:f5,18:66:da:9b:e3:7d,192.168.10.8,49193,192.168.10.3,88,6,0.000615,16,8,8,6422,3198,3224,24390.242188,sSEfFR,0.000615
b8:ac:6f:36:07:ee,18:66:da:9b:e3:7d,192.168.10.14,58326,192.168.10.3,53,17,0.073019,4,2,2,722,154,568,41.085197,CON,0.073019
18:66:da:9b:e3:7d,00:c1:b1:14:eb:31,192.168.10.3,61270,192.168.10.1,53,17,0.072409,2,1,1,364,87,277,13.810438,CON,0.072409
b8:ac:6f:36:07:ee,18:66:da:9b:e3:7d,192.168.10.14,63288,192.168.10.3,53,17,0.025256,4,2,2,926,152,774,118.783653,CON,0.025256
18:66:da:9b:e3:7d,00:c1:b1:14:eb:31,192.168.10.3,60678,192.168.10.1,53,17,0.024577,2,1,1,485,87,398,40.688450,CON,0.024577
b8:ac:6f:36:07:ee,18:66:da:9b:e3:7d,192.168.10.14,57809,192.168.10.3,53,17,0.065938,4,2,2,324,146,178,45.497284,CON,0.065938
18:66:da:9b:e3:7d,00:c1:b1:14:eb:31,192.168.10.3,61837,192.168.10.1,53,17,0.065585,2,1,1,184,84,100,15.247388,CON,0.065585
b8:ac:6f:36:07:ee,18:66:da:9b:e3:7d,192.168.10.14,54959,192.168.10.3,53,17,0.066696,4,2,2,584,164,420,44.980206,CON,0.066696
18:66:da:9b:e3:7d,00:c1:b1:14:eb:31,192.168.10.3,61496,192.168.10.1,53,17,0.066216,2,1,1,314,93,221,15.102090,CON,0.066216
00:23:ae:9b:8a:bf,00:c1:b1:14:eb:31,192.168.10.16,38310,13.58.117.240,443,6,0.862133,6,4,2,1736,1172,564,5.799569,E,0.862133
b8:ac:6f:36:07:ee,00:c1:b1:14:eb:31,192.168.10.14,50376,129.146.12.99,443,6,0.346150,14,7,7,6274,1725,4549,37.555973,sSE,0.346150
b8:ac:6f:36:07:ee,18:66:da:9b:e3:7d,192.168.10.14,58596,192.168.10.3,53,17,0.000403,4,2,2,896,160,736,7444.168457,CON,0.000403
b8:ac:6f:36:07:ee,00:c1:b1:14:eb:31,192.168.10.14,50377,54.81.28.54,443,6,0.184664,16,8,8,8542,1628,6914,81.228615,sSE,0.184664
b8:ac:6f:36:07:ee,18:66:da:9b:e3:7d,192.168.10.14,49659,192.168.10.3,53,17,0.000301,4,2,2,688,216,472,9966.777344,CON,0.000301
b8:ac:6f:36:07:ee,18:66:da:9b:e3:7d,192.168.10.14,55562,192.168.10.3,53,17,0.048846,4,2,2,596,216,380,61.417519,CON,0.048846
18:66:da:9b:e3:7d,00:c1:b1:14:eb:31,192.168.10.3,60254,192.168.10.1,53,17,0.048417,2,1,1,320,119,201,20.653904,CON,0.048417
b8:ac:6f:36:07:ee,18:66:da:9b:e3:7d,192.168.10.14,57129,192.168.10.3,53,17,0.000278,4,2,2,584,164,420,10791.367188,CON,0.000278
b8:ac:6f:36:07:ee,00:c1:b1:14:eb:31,192.168.10.14,50378,52.84.145.70,443,6,0.176625,55,22,33,43761,2703,41058,305.732483,sSE,0.176625
b8:ac:6f:36:07:ee,00:c1:b1:14:eb:31,192.168.10.14,50379,54.81.28.54,443,6,0.220873,14,7,7,6392,734,5658,58.857353,sSE,0.220873
b8:ac:6f:36:07:ee,00:c1:b1:14:eb:31,192.168.10.14,50380,129.146.12.99,443,6,0.342667,12,6,6,4644,705,3939,32.101135,sSE,0.342667
b8:ac:6f:36:07:ee,00:c1:b1:14:eb:31,192.168.10.14,50381,52.84.145.70,443,6,0.132856,12,7,5,4108,739,3369,82.796410,sSE,0.132856
b8:ac:6f:36:07:ee,18:66:da:9b:e3:7d,192.168.10.14,57210,192.168.10.3,53,17,0.049986,4,2,2,492,164,328,60.016804,CON,0.049986
18:66:da:9b:e3:7d,00:c1:b1:14:eb:31,192.168.10.3,62438,192.168.10.1,53,17,0.049599,2,1,1,268,93,175,20.161697,CON,0.049599
b8:ac:6f:36:07:ee,00:c1:b1:14:eb:31,192.168.10.14,50382,54.227.204.207,443,6,1.528005,14,9,5,4881,1237,3644,8.507826,sSE,1.528005
b8:ac:6f:36:07:ee,00:c1:b1:14:eb:31,192.168.10.14,50383,54.227.204.207,443,6,1.900424,25,16,9,8785,3175,5610,12.628760,sSE,1.900424
b8:ac:6f:36:07:ee,18:66:da:9b:e3:7d,192.168.10.14,50208,192.168.10.3,53,17,0.000190,4,2,2,324,146,178,15789.473633,CON,0.000190
b8:ac:6f:36:0a:8b,00:c1:b1:14:eb:31,192.168.10.5,49375,23.194.140.85,443,6,0.022858,2,1,1,126,60,66,43.748360,E,0.022858
