SrcMac,DstMac,SrcAddr,Sport,DstAddr,Dport,Proto,Mean,TotPkts,SrcPkts,DstPkts,TotBytes,SrcBytes,DstBytes,Rate,State,Dur
b8:ac:6f:36:08:f5,00:c1:b1:14:eb:31,192.168.10.8,49201,184.84.243.218,80,6,4.828811,6,3,3,1030,466,564,1.035452,sSE,4.828811
00:23:ae:9b:8a:bf,00:c1:b1:14:eb:31,192.168.10.16,48114,172.217.10.226,443,6,4.700972,51,23,28,6011,3214,2797,10.636098,E,4.700972
b8:ac:6f:36:08:f5,00:c1:b1:14:eb:31,192.168.10.8,49206,72.21.91.29,80,6,4.477185,6,3,3,1585,609,976,1.116773,sSE,4.477185
b8:ac:6f:36:04:e3,00:c1:b1:14:eb:31,192.168.10.12,43036,66.235.147.246,443,6,4.766189,13,8,5,975,585,390,2.517735,EfFR,4.766189
b8:ac:6f:36:07:ee,00:c1:b1:14:eb:31,192.168.10.14,50378,52.84.145.70,443,6,4.962023,7,4,3,451,265,186,1.209184,sSEfF,4.962023
b8:ac:6f:36:07:ee,00:c1:b1:14:eb:31,192.168.10.14,50368,23.15.4.10,80,6,4.883668,5,3,2,306,180,126,0.819057,sSEfF,4.883668
b8:ac:6f:36:07:ee,00:c1:b1:14:eb:31,192.168.10.14,50369,23.15.4.10,80,6,4.870041,5,3,2,306,180,126,0.821348,sSEfF,4.870041
70:6e:6d:1d:bb:0a,01:00:0c:cc:cc:cc,01:00:0c:cc:cc:cc,170,70:6e:6d:1d:bb:0a,170,0,3.999541,5,5,0,2290,2290,0,1.000115,REQ,3.999541
b8:ac:6f:36:07:ee,00:c1:b1:14:eb:31,192.168.10.14,50095,13.107.4.50,80,6,5.086844,15438,9202,6236,9959282,556121,9403161,3034.691162,E,5.086844
b8:ac:6f:36:0a:8b,00:c1:b1:14:eb:31,192.168.10.5,49436,52.84.145.164,443,6,1.192184,381,216,165,253661,14115,239546,318.742737,sSE,1.192184
b8:ac:6f:36:0a:8b,00:c1:b1:14:eb:31,192.168.10.5,49437,52.84.145.164,443,6,4.977667,376,166,210,317304,12697,304607,75.336502,sSE,4.977667
70:6e:6d:1d:bb:03,01:00:0c:cc:cc:cc,01:00:0c:cc:cc:cc,170,70:6e:6d:1d:bb:03,170,0,4.640024,6,6,0,2742,2742,0,1.077581,REQ,4.640024
b8:ac:6f:36:04:e3,00:c1:b1:14:eb:31,192.168.10.12,50320,172.217.11.8,443,6,3.524110,10,6,4,829,519,310,2.553836,EfF,3.524110
b8:ac:6f:36:04:e3,00:c1:b1:14:eb:31,192.168.10.12,38390,172.217.6.206,443,6,4.531895,10,6,4,829,519,310,1.985924,EfF,4.531895
b8:ac:6f:36:04:e3,00:c1:b1:14:eb:31,192.168.10.12,36442,74.125.192.154,443,6,4.543514,10,6,4,829,519,310,1.980846,EfF,4.543514
00:23:ae:9b:8a:bf,00:c1:b1:14:eb:31,192.168.10.16,56804,107.178.247.57,443,6,3.149362,33,15,18,5197,3536,1661,10.160788,E,3.149362
00:23:ae:9b:8a:bf,00:c1:b1:14:eb:31,192.168.10.16,37980,199.187.193.1,443,6,0.062845,2,1,1,132,66,66,15.912165,sSE,0.062845
b8:ac:6f:36:08:f5,18:66:da:9b:e3:7d,192.168.10.8,62144,192.168.10.3,53,17,0.025622,4,2,2,562,168,394,117.086876,CON,0.025622
18:66:da:9b:e3:7d,00:c1:b1:14:eb:31,192.168.10.3,60314,192.168.10.1,53,17,0.025209,2,1,1,210,89,121,39.668373,CON,0.025209
b8:ac:6f:36:08:f5,18:66:da:9b:e3:7d,192.168.10.8,51147,192.168.10.3,53,17,0.000192,4,2,2,376,156,220,15624.999023,CON,0.000192
b8:ac:6f:36:08:f5,18:66:da:9b:e3:7d,192.168.10.8,53135,192.168.10.3,53,17,0.048434,4,2,2,664,152,512,61.939960,CON,0.048434
18:66:da:9b:e3:7d,00:c1:b1:14:eb:31,192.168.10.3,62535,192.168.10.1,53,17,0.047949,2,1,1,354,87,267,20.855492,CON,0.047949
b8:ac:6f:36:08:f5,00:c1:b1:14:eb:31,192.168.10.8,49267,35.163.114.185,443,6,0.289219,11,7,4,2574,1429,1145,34.575874,sSE,0.289219
b8:ac:6f:36:08:f5,18:66:da:9b:e3:7d,192.168.10.8,49872,192.168.10.3,53,17,0.000176,4,2,2,648,196,452,17045.455078,CON,0.000176
b8:ac:6f:36:08:f5,18:66:da:9b:e3:7d,192.168.10.8,64079,192.168.10.3,53,17,0.024478,4,2,2,556,196,360,122.559036,CON,0.024478
18:66:da:9b:e3:7d,00:c1:b1:14:eb:31,192.168.10.3,60402,192.168.10.1,53,17,0.024039,2,1,1,300,109,191,41.599068,CON,0.024039
b8:ac:6f:36:07:ee,00:c1:b1:14:eb:31,192.168.10.14,50203,216.200.232.61,443,6,0.037870,2,1,1,126,60,66,26.406126,E,0.037870
00:23:ae:9b:8a:bf,00:c1:b1:14:eb:31,192.168.10.16,50354,52.15.239.205,443,6,0.044945,5,3,2,2987,697,2290,88.997658,E,0.044945
b8:ac:6f:36:0a:8b,00:c1:b1:14:eb:31,192.168.10.5,49438,52.84.145.164,443,6,2.396543,60,27,33,44406,3643,40763,24.618793,sSE,2.396543
b8:ac:6f:36:0a:8b,18:66:da:9b:e3:7d,192.168.10.5,55353,192.168.10.3,53,17,0.086691,6,4,2,572,304,268,57.676113,CON,0.086691
18:66:da:9b:e3:7d,00:c1:b1:14:eb:31,192.168.10.3,61634,192.168.10.1,53,17,0.086114,2,1,1,232,87,145,11.612514,CON,0.086114
00:23:ae:9b:8a:bf,00:c1:b1:14:eb:31,192.168.10.16,41426,172.217.12.99,443,6,0.149517,9,4,5,947,499,448,53.505623,E,0.149517
b8:ac:6f:36:0a:8b,00:c1:b1:14:eb:31,192.168.10.5,49439,52.84.144.121,443,6,0.084561,17,8,9,9349,1178,8171,189.212524,sSE,0.084561
b8:ac:6f:36:0a:8b,00:c1:b1:14:eb:31,192.168.10.5,49440,52.84.145.164,443,6,0.104866,8,4,4,1198,802,396,66.751854,sSE,0.104866
b8:ac:6f:36:0a:8b,18:66:da:9b:e3:7d,192.168.10.5,49184,192.168.10.3,53,17,0.048125,4,2,2,458,172,286,62.337666,CON,0.048125
18:66:da:9b:e3:7d,00:c1:b1:14:eb:31,192.168.10.3,61565,192.168.10.1,53,17,0.047656,2,1,1,251,97,154,20.983717,CON,0.047656
00:23:ae:9b:8a:bf,00:c1:b1:14:eb:31,192.168.10.16,49454,23.194.181.103,443,6,0.113829,9,5,4,1330,906,424,70.280861,sSE,0.113829
00:23:ae:9b:8a:bf,00:c1:b1:14:eb:31,192.168.10.16,55396,52.87.48.187,443,6,0.000048,3,1,2,1364,66,1298,41666.664062,E,0.000048
b8:ac:6f:36:0b:a8,00:c1:b1:14:eb:31,192.168.10.51,57597,213.180.193.119,443,6,4.535372,7,3,4,493,198,295,1.322935,sSEfF,4.535372
b8:ac:6f:36:08:f5,00:c1:b1:14:eb:31,192.168.10.8,49205,72.21.91.29,80,6,0.028362,2,1,1,126,60,66,35.258446,sSE,0.028362
b8:ac:6f:36:04:e3,00:c1:b1:14:eb:31,192.168.10.12,42856,54.192.39.235,443,6,3.526454,9,6,3,763,519,244,2.268568,EfF,3.526454
b8:ac:6f:36:04:e3,00:c1:b1:14:eb:31,192.168.10.12,42890,54.192.39.235,443,6,4.529007,9,6,3,763,519,244,1.766392,EfF,4.529007
b8:ac:6f:36:04:e3,00:c1:b1:14:eb:31,192.168.10.12,47624,172.217.9.230,443,6,4.535229,10,6,4,829,519,310,1.984464,EfF,4.535229
b8:ac:6f:36:04:e3,00:c1:b1:14:eb:31,192.168.10.12,45350,52.85.105.89,443,6,3.528345,9,6,3,763,519,244,2.267352,EfF,3.528345
b8:ac:6f:36:08:f5,00:c1:b1:14:eb:31,192.168.10.8,49240,52.24.49.107,443,6,0.087684,2,1,1,120,60,60,11.404590,sSE,0.087684
b8:ac:6f:36:0b:a8,00:c1:b1:14:eb:31,192.168.10.51,42816,72.247.68.66,80,6,0.023953,2,1,1,132,66,66,41.748425,sSE,0.023953
18:66:da:9b:e3:7d,b8:ac:6f:36:04:e3,192.168.10.3,,192.168.10.12,,2054,0.000008,4,2,2,240,120,120,375000.000000,CON,0.000008
b8:ac:6f:36:0a:8b,18:66:da:9b:e3:7d,192.168.10.5,49832,192.168.10.3,53,17,0.048277,4,2,2,458,172,286,62.141392,CON,0.048277
18:66:da:9b:e3:7d,00:c1:b1:14:eb:31,192.168.10.3,62532,192.168.10.1,53,17,0.047807,2,1,1,251,97,154,20.917439,CON,0.047807
00:23:ae:9b:8a:bf,00:c1:b1:14:eb:31,192.168.10.16,48114,172.217.10.226,443,6,5.006449,30,13,17,3404,1804,1600,5.792529,E,5.006449
00:23:ae:9b:ad:b3,00:c1:b1:14:eb:31,192.168.10.19,123,159.203.158.197,123,17,0.023839,2,1,1,180,90,90,41.948067,CON,0.023839
00:23:ae:9b:ad:b3,00:c1:b1:14:eb:31,192.168.10.19,123,45.76.92.117,123,17,0.111739,2,1,1,180,90,90,8.949427,CON,0.111739
b8:ac:6f:36:08:f5,00:c1:b1:14:eb:31,192.168.10.8,49236,172.217.12.206,80,6,0.036871,2,1,1,126,60,66,27.121586,sSE,0.036871
b8:ac:6f:36:0b:a8,00:c1:b1:14:eb:31,192.168.10.51,58757,52.206.150.108,80,6,0.050273,2,1,1,132,66,66,19.891392,sSE,0.050273
b8:ac:6f:36:08:f5,18:66:da:9b:e3:7d,192.168.10.8,52029,192.168.10.3,53,17,0.048636,4,2,2,476,174,302,61.682705,CON,0.048636
18:66:da:9b:e3:7d,00:c1:b1:14:eb:31,192.168.10.3,61114,192.168.10.1,53,17,0.048185,2,1,1,260,98,162,20.753347,CON,0.048185
b8:ac:6f:36:04:e3,18:66:da:9b:e3:7d,192.168.10.12,,192.168.10.3,,2054,0.000010,4,2,2,240,120,120,300000.000000,CON,0.000010
b8:ac:6f:36:08:f5,00:c1:b1:14:eb:31,192.168.10.8,49207,72.21.91.29,80,6,0.023749,2,1,1,126,60,66,42.107037,sSE,0.023749
b8:ac:6f:36:08:f5,00:c1:b1:14:eb:31,192.168.10.8,49266,52.40.81.184,443,6,0.089049,2,1,1,120,60,60,11.229773,sSE,0.089049
b8:ac:6f:36:08:f5,00:c1:b1:14:eb:31,192.168.10.8,49211,52.39.237.157,443,6,0.088271,2,1,1,120,60,60,11.328749,sSE,0.088271
b8:ac:6f:36:04:e3,00:c1:b1:14:eb:31,192.168.10.12,58924,199.16.156.9,443,6,3.646264,15,9,6,1166,693,473,3.839546,EfR,3.646264
b8:ac:6f:36:04:e3,00:c1:b1:14:eb:31,192.168.10.12,40568,199.16.156.75,443,6,3.541467,10,7,3,848,573,275,2.541320,EfFR,3.541467
b8:ac:6f:36:04:e3,00:c1:b1:14:eb:31,192.168.10.12,40356,107.178.244.51,443,6,4.534427,10,6,4,829,519,310,1.984815,EfF,4.534427
b8:ac:6f:36:04:e3,00:c1:b1:14:eb:31,192.168.10.12,33874,31.13.71.36,443,6,4.512832,13,8,5,1080,633,447,2.659084,EfR,4.512832
06:04:f5:58:c1:f1,33:33:00:00:00:fb,fe80::404:f5ff:fe58:c1f1,5353,ff02::fb,5353,17,0.000000,1,1,0,203,203,0,0.000000,INT,0.000000
00:25:00:a8:c4:60,18:66:da:9b:e3:7d,192.168.10.25,58832,192.168.10.3,53,17,0.137127,4,2,2,528,160,368,21.877529,CON,0.137127
18:66:da:9b:e3:7d,00:c1:b1:14:eb:31,192.168.10.3,62495,192.168.10.1,53,17,0.136527,2,1,1,286,91,195,7.324558,CON,0.136527
b8:ac:6f:36:07:ee,00:c1:b1:14:eb:31,192.168.10.14,50202,216.200.232.61,443,6,0.035664,2,1,1,126,60,66,28.039480,E,0.035664
b8:ac:6f:36:07:ee,00:c1:b1:14:eb:31,192.168.10.14,50204,216.200.232.61,443,6,0.035042,2,1,1,126,60,66,28.537184,E,0.035042
b8:ac:6f:36:0a:8b,00:c1:b1:14:eb:31,192.168.10.5,49375,23.194.140.85,443,6,0.057967,5,2,3,317,120,197,69.004776,EfF,0.057967
00:23:ae:9b:8a:bf,00:c1:b1:14:eb:31,192.168.10.16,58648,54.225.220.110,80,6,0.055835,2,1,1,132,66,66,17.909912,sSE,0.055835
b8:ac:6f:36:0a:8b,18:66:da:9b:e3:7d,192.168.10.5,55722,192.168.10.3,53,17,0.131500,6,4,2,808,312,496,38.022812,CON,0.131500
00:25:00:a8:c4:60,00:c1:b1:14:eb:31,192.168.10.25,49272,23.15.4.9,443,6,0.062869,17,9,8,5559,723,4836,254.497452,sSEfF,0.062869
18:66:da:9b:e3:7d,00:c1:b1:14:eb:31,192.168.10.3,62431,192.168.10.1,53,17,0.130833,2,1,1,348,89,259,7.643332,CON,0.130833
b8:ac:6f:36:0a:8b,18:66:da:9b:e3:7d,192.168.10.5,61998,192.168.10.3,53,17,0.000181,4,2,2,456,168,288,16574.585938,CON,0.000181
b8:ac:6f:36:0a:8b,00:c1:b1:14:eb:31,192.168.10.5,61999,172.217.11.8,443,17,0.109321,34,13,21,28927,2553,26374,301.863312,CON,0.109321
00:25:00:a8:c4:60,00:c1:b1:14:eb:31,192.168.10.25,49273,23.15.4.9,443,6,0.049380,13,7,6,979,560,419,243.013367,sSEfF,0.049380
b8:ac:6f:36:0b:a8,00:c1:b1:14:eb:31,192.168.10.51,42815,72.247.68.66,80,6,0.024756,2,1,1,132,66,66,40.394249,sSE,0.024756
00:23:ae:9b:ad:b3,00:c1:b1:14:eb:31,192.168.10.19,123,209.208.79.69,123,17,0.062963,2,1,1,180,90,90,15.882343,CON,0.062963
b8:ac:6f:36:0a:8b,00:c1:b1:14:eb:31,192.168.10.5,49441,52.84.145.232,443,6,1.384951,127,59,68,101134,4671,96463,90.977951,sSE,1.384951
b8:ac:6f:36:0a:8b,00:c1:b1:14:eb:31,192.168.10.5,49396,23.194.141.179,443,6,0.941017,5,2,3,325,120,205,4.250721,EfF,0.941017
b8:ac:6f:36:07:ee,18:66:da:9b:e3:7d,192.168.10.14,62917,192.168.10.3,53,17,0.029619,4,2,2,550,150,400,101.286331,CON,0.029619
18:66:da:9b:e3:7d,00:c1:b1:14:eb:31,192.168.10.3,61069,192.168.10.1,53,17,0.028961,2,1,1,290,105,185,34.529194,CON,0.028961
b8:ac:6f:36:07:ee,00:c1:b1:14:eb:31,192.168.10.14,50467,104.16.127.228,443,6,0.083900,12,6,6,2485,1415,1070,131.108459,sSE,0.083900
b8:ac:6f:36:07:ee,18:66:da:9b:e3:7d,192.168.10.14,49326,192.168.10.3,53,17,0.000445,4,2,2,536,188,348,6741.572754,CON,0.000445
b8:ac:6f:36:0b:a8,00:c1:b1:14:eb:31,192.168.10.51,33717,172.217.3.98,443,6,0.036631,2,1,1,132,66,66,27.299282,sSE,0.036631
b8:ac:6f:36:0b:a8,00:c1:b1:14:eb:31,192.168.10.51,36787,172.217.10.226,80,6,0.036738,2,1,1,132,66,66,27.219772,sSE,0.036738
70:6e:6d:1d:bb:02,01:00:0c:cc:cc:cc,01:00:0c:cc:cc:cc,170,70:6e:6d:1d:bb:02,170,0,0.000000,1,1,0,457,457,0,0.000000,INT,0.000000
00:c1:b1:14:eb:31,00:23:ae:9b:8a:bf,191.237.24.89,443,192.168.10.16,34436,6,0.000078,2,1,1,185,119,66,12820.513672,E,0.000078
b8:ac:6f:36:04:e3,00:c1:b1:14:eb:31,192.168.10.12,37680,216.58.217.68,443,6,4.521236,10,6,4,829,519,310,1.990606,EfF,4.521236
b8:ac:6f:36:04:e3,00:c1:b1:14:eb:31,192.168.10.12,49582,182.22.24.124,443,6,3.659384,11,7,4,908,573,335,2.732700,EfR,3.659384
b8:ac:6f:36:04:e3,00:c1:b1:14:eb:31,192.168.10.12,40632,216.58.217.67,443,6,4.522441,9,6,3,763,519,244,1.768956,EfF,4.522441
b8:ac:6f:36:04:e3,00:c1:b1:14:eb:31,192.168.10.12,43876,172.217.10.226,443,6,3.518001,10,6,4,829,519,310,2.558271,EfF,3.518001
b8:ac:6f:36:07:ee,00:c1:b1:14:eb:31,192.168.10.14,50095,13.107.4.50,80,6,5.084123,16031,9468,6563,10466650,570863,9895787,3152.952637,E,5.084123
b8:ac:6f:1d:1f:6c,00:c1:b1:14:eb:31,192.168.10.9,1222,78.40.123.179,443,6,0.101825,2,1,1,126,60,66,9.820771,E,0.101825
