SrcMac,DstMac,SrcAddr,Sport,DstAddr,Dport,Proto,Mean,TotPkts,SrcPkts,DstPkts,TotBytes,SrcBytes,DstBytes,Rate,State,Dur
b8:ac:6f:36:0a:8b,00:c1:b1:14:eb:31,192.168.10.5,49500,204.154.111.120,443,6,5.077045,16,10,6,7581,3605,3976,2.954474,sSE,5.077045
00:23:ae:9b:8a:bf,00:c1:b1:14:eb:31,192.168.10.16,48114,172.217.10.226,443,6,5.052571,157,77,80,19178,11010,8168,30.875372,E,5.052571
00:23:ae:9b:8a:bf,00:c1:b1:14:eb:31,192.168.10.16,37564,104.16.165.179,443,6,2.827109,12,6,6,5071,3090,1981,3.890900,E,2.827109
b8:ac:6f:36:07:ee,00:c1:b1:14:eb:31,192.168.10.14,50541,204.79.197.200,443,6,1.960334,3,1,2,186,60,126,1.020234,sSER,1.960334
b8:ac:6f:36:07:ee,00:c1:b1:14:eb:31,192.168.10.14,50576,172.217.10.36,443,6,0.132688,3,2,1,260,160,100,15.072953,sSE,0.132688
b8:ac:6f:36:07:ee,00:c1:b1:14:eb:31,192.168.10.14,50531,152.195.33.25,443,6,0.148742,3,2,1,260,160,100,13.446101,sSE,0.148742
b8:ac:6f:36:07:ee,00:c1:b1:14:eb:31,192.168.10.14,50583,23.96.179.163,443,6,0.132676,3,2,1,260,160,100,15.074316,sSE,0.132676
b8:ac:6f:36:07:ee,00:c1:b1:14:eb:31,192.168.10.14,50544,172.217.6.198,443,6,0.148743,4,2,2,320,160,160,20.169016,sSE,0.148743
b8:ac:6f:36:07:ee,00:c1:b1:14:eb:31,192.168.10.14,50584,172.217.1.163,443,6,0.148706,4,2,2,320,160,160,20.174034,sSE,0.148706
b8:ac:6f:36:07:ee,00:c1:b1:14:eb:31,192.168.10.14,50553,107.178.244.119,443,6,0.132676,4,2,2,320,160,160,22.611473,sSE,0.132676
b8:ac:6f:36:07:ee,00:c1:b1:14:eb:31,192.168.10.14,50568,172.217.12.162,443,6,0.132677,4,2,2,320,160,160,22.611303,sSE,0.132677
b8:ac:6f:36:07:ee,00:c1:b1:14:eb:31,192.168.10.14,50508,66.235.155.61,443,6,0.148732,3,2,1,260,160,100,13.447004,sSE,0.148732
00:23:ae:9b:8a:bf,00:c1:b1:14:eb:31,192.168.10.16,35586,52.4.208.247,443,6,0.087776,4,2,2,338,171,167,34.177910,E,0.087776
b8:ac:6f:36:07:ee,00:c1:b1:14:eb:31,192.168.10.14,50557,23.50.75.27,80,6,0.022841,2,1,1,126,60,66,43.780918,sSE,0.022841
b8:ac:6f:36:08:f5,00:c1:b1:14:eb:31,192.168.10.8,49201,184.84.243.218,80,6,0.021903,2,1,1,126,60,66,45.655846,sSE,0.021903
b8:ac:6f:36:04:e3,00:c1:b1:14:eb:31,192.168.10.12,123,208.75.89.4,123,17,0.077770,2,1,1,180,90,90,12.858428,CON,0.077770
00:1e:4f:d4:ca:28,18:66:da:9b:e3:7d,192.168.10.15,123,192.168.10.3,123,17,0.000009,4,2,2,360,180,180,333333.312500,CON,0.000009
b8:ac:6f:36:0b:a8,18:66:da:9b:e3:7d,192.168.10.51,11270,192.168.10.3,53,17,0.061770,4,2,2,380,160,220,48.567265,CON,0.061770
18:66:da:9b:e3:7d,00:c1:b1:14:eb:31,192.168.10.3,61195,192.168.10.1,53,17,0.061325,2,1,1,212,91,121,16.306564,CON,0.061325
b8:ac:6f:36:0b:a8,00:c1:b1:14:eb:31,192.168.10.51,35505,64.188.48.66,443,6,4.770600,52,27,25,32245,3314,28931,10.690479,sSE,4.770600
b8:ac:6f:36:07:ee,00:c1:b1:14:eb:31,192.168.10.14,50473,23.194.180.133,443,6,0.023029,2,1,1,126,60,66,43.423512,sSE,0.023029
b8:ac:6f:36:0b:a8,18:66:da:9b:e3:7d,192.168.10.51,15974,192.168.10.3,53,17,0.000007,4,2,2,404,154,250,428571.437500,CON,0.000007
b8:ac:6f:36:0b:a8,00:c1:b1:14:eb:31,192.168.10.51,36167,72.21.91.29,80,6,0.578823,10,6,4,3142,1278,1864,15.548796,sSE,0.578823
b8:ac:6f:36:0b:a8,18:66:da:9b:e3:7d,192.168.10.51,7097,192.168.10.3,53,17,0.000189,4,2,2,404,154,250,15873.015625,CON,0.000189
b8:ac:6f:36:0a:8b,00:c1:b1:14:eb:31,192.168.10.5,49436,52.84.145.164,443,6,0.022357,2,1,1,126,60,66,44.728722,sSE,0.022357
b8:ac:6f:36:0b:a8,18:66:da:9b:e3:7d,192.168.10.51,10040,192.168.10.3,53,17,0.031058,4,2,2,336,136,200,96.593468,CON,0.031058
18:66:da:9b:e3:7d,00:c1:b1:14:eb:31,192.168.10.3,61951,192.168.10.1,53,17,0.030733,2,1,1,190,79,111,32.538315,CON,0.030733
b8:ac:6f:36:0a:8b,00:c1:b1:14:eb:31,192.168.10.5,49439,52.84.144.121,443,6,0.022106,2,1,1,126,60,66,45.236588,sSE,0.022106
b8:ac:6f:36:0b:a8,18:66:da:9b:e3:7d,192.168.10.51,21911,192.168.10.3,53,17,0.000189,4,2,2,452,170,282,15873.015625,CON,0.000189
b8:ac:6f:36:0b:a8,18:66:da:9b:e3:7d,192.168.10.51,59483,192.168.10.3,53,17,0.091537,4,2,2,506,156,350,32.773632,CON,0.091537
18:66:da:9b:e3:7d,00:c1:b1:14:eb:31,192.168.10.3,61013,192.168.10.1,53,17,0.091194,2,1,1,275,89,186,10.965634,CON,0.091194
b8:ac:6f:36:0b:a8,00:c1:b1:14:eb:31,192.168.10.51,35142,172.217.12.162,443,6,0.327254,18,10,8,8209,1345,6864,51.947418,sSE,0.327254
b8:ac:6f:36:0b:a8,18:66:da:9b:e3:7d,192.168.10.51,18120,192.168.10.3,53,17,0.090936,4,2,2,718,152,566,32.990234,CON,0.090936
18:66:da:9b:e3:7d,00:c1:b1:14:eb:31,192.168.10.3,60179,192.168.10.1,53,17,0.090470,2,1,1,381,87,294,11.053388,CON,0.090470
b8:ac:6f:36:0b:a8,18:66:da:9b:e3:7d,192.168.10.51,16071,192.168.10.3,53,17,0.030747,4,2,2,584,164,420,97.570496,CON,0.030747
18:66:da:9b:e3:7d,00:c1:b1:14:eb:31,192.168.10.3,60047,192.168.10.1,53,17,0.030314,2,1,1,314,93,221,32.988056,CON,0.030314
b8:ac:6f:36:0b:a8,18:66:da:9b:e3:7d,192.168.10.51,25102,192.168.10.3,53,17,0.000182,4,2,2,424,160,264,16483.515625,CON,0.000182
b8:ac:6f:36:0b:a8,00:c1:b1:14:eb:31,192.168.10.51,47095,172.217.10.106,443,6,1.380600,20,11,9,7877,1555,6322,13.762133,sSE,1.380600
b8:ac:6f:36:08:f5,00:c1:b1:14:eb:31,192.168.10.8,49206,72.21.91.29,80,6,0.023325,2,1,1,126,60,66,42.872456,sSE,0.023325
b8:ac:6f:36:0b:a8,18:66:da:9b:e3:7d,192.168.10.51,41497,192.168.10.3,53,17,0.060733,4,2,2,452,162,290,49.396538,CON,0.060733
18:66:da:9b:e3:7d,00:c1:b1:14:eb:31,192.168.10.3,61191,192.168.10.1,53,17,0.060534,2,1,1,248,92,156,16.519642,CON,0.060534
b8:ac:6f:36:0b:a8,18:66:da:9b:e3:7d,192.168.10.51,24686,192.168.10.3,53,17,0.030669,4,2,2,468,154,314,97.818642,CON,0.030669
18:66:da:9b:e3:7d,00:c1:b1:14:eb:31,192.168.10.3,60159,192.168.10.1,53,17,0.030280,2,1,1,256,88,168,33.025101,CON,0.030280
b8:ac:6f:36:0b:a8,00:c1:b1:14:eb:31,192.168.10.51,42438,52.73.176.198,443,6,0.926432,16,9,7,6295,1204,5091,16.191151,sSE,0.926432
b8:ac:6f:36:0b:a8,18:66:da:9b:e3:7d,192.168.10.51,45925,192.168.10.3,53,17,0.062480,4,2,2,452,162,290,48.015366,CON,0.062480
18:66:da:9b:e3:7d,00:c1:b1:14:eb:31,192.168.10.3,61399,192.168.10.1,53,17,0.062116,2,1,1,248,92,156,16.098911,CON,0.062116
b8:ac:6f:36:0b:a8,18:66:da:9b:e3:7d,192.168.10.51,6261,192.168.10.3,53,17,0.060461,4,2,2,452,162,290,49.618763,CON,0.060461
18:66:da:9b:e3:7d,00:c1:b1:14:eb:31,192.168.10.3,62188,192.168.10.1,53,17,0.060143,2,1,1,248,92,156,16.627039,CON,0.060143
b8:ac:6f:36:0b:a8,18:66:da:9b:e3:7d,192.168.10.51,49426,192.168.10.3,53,17,0.060681,4,2,2,452,162,290,49.438869,CON,0.060681
18:66:da:9b:e3:7d,00:c1:b1:14:eb:31,192.168.10.3,61221,192.168.10.1,53,17,0.060372,2,1,1,248,92,156,16.563971,CON,0.060372
b8:ac:6f:36:0b:a8,00:c1:b1:14:eb:31,192.168.10.51,47237,54.192.37.237,443,6,4.146690,152,73,79,114411,5849,108562,36.414589,sSE,4.146690
b8:ac:6f:36:0b:a8,18:66:da:9b:e3:7d,192.168.10.51,12092,192.168.10.3,53,17,0.061117,4,2,2,452,162,290,49.086178,CON,0.061117
18:66:da:9b:e3:7d,00:c1:b1:14:eb:31,192.168.10.3,61470,192.168.10.1,53,17,0.060748,2,1,1,248,92,156,16.461447,CON,0.060748
b8:ac:6f:36:0b:a8,18:66:da:9b:e3:7d,192.168.10.51,37872,192.168.10.3,53,17,0.061158,4,2,2,452,162,290,49.053272,CON,0.061158
18:66:da:9b:e3:7d,00:c1:b1:14:eb:31,192.168.10.3,60275,192.168.10.1,53,17,0.060787,2,1,1,248,92,156,16.450886,CON,0.060787
b8:ac:6f:36:0b:a8,18:66:da:9b:e3:7d,192.168.10.51,46119,192.168.10.3,53,17,0.061131,4,2,2,452,162,290,49.074936,CON,0.061131
18:66:da:9b:e3:7d,00:c1:b1:14:eb:31,192.168.10.3,62393,192.168.10.1,53,17,0.060808,2,1,1,248,92,156,16.445206,CON,0.060808
b8:ac:6f:36:0b:a8,18:66:da:9b:e3:7d,192.168.10.51,11659,192.168.10.3,53,17,0.062171,4,2,2,452,162,290,48.254009,CON,0.062171
18:66:da:9b:e3:7d,00:c1:b1:14:eb:31,192.168.10.3,61684,192.168.10.1,53,17,0.061856,2,1,1,248,92,156,16.166580,CON,0.061856
b8:ac:6f:36:0b:a8,18:66:da:9b:e3:7d,192.168.10.51,63411,192.168.10.3,53,17,0.000221,4,2,2,718,152,566,13574.661133,CON,0.000221
b8:ac:6f:36:0b:a8,18:66:da:9b:e3:7d,192.168.10.51,21827,192.168.10.3,53,17,0.060769,4,2,2,452,162,290,49.367275,CON,0.060769
18:66:da:9b:e3:7d,00:c1:b1:14:eb:31,192.168.10.3,61371,192.168.10.1,53,17,0.060359,2,1,1,248,92,156,16.567537,CON,0.060359
b8:ac:6f:36:0b:a8,18:66:da:9b:e3:7d,192.168.10.51,34415,192.168.10.3,53,17,0.000251,4,2,2,832,158,674,11952.191406,CON,0.000251
b8:ac:6f:36:0b:a8,00:c1:b1:14:eb:31,192.168.10.51,36899,23.194.181.179,443,6,1.245491,29,16,13,16685,1744,14941,22.481092,sSE,1.245491
b8:ac:6f:36:0b:a8,00:c1:b1:14:eb:31,192.168.10.51,57268,199.167.65.22,443,6,2.141343,41,25,16,21315,3139,18176,18.679865,sSE,2.141343
b8:ac:6f:36:0b:a8,00:c1:b1:14:eb:31,192.168.10.51,57269,199.167.65.22,443,6,1.736969,32,18,14,18228,2370,15858,17.847181,sSE,1.736969
b8:ac:6f:36:0b:a8,00:c1:b1:14:eb:31,192.168.10.51,58363,52.45.121.8,443,6,1.320650,18,10,8,8429,2178,6251,12.872449,sSE,1.320650
00:1e:4f:d4:ca:28,18:66:da:9b:e3:7d,192.168.10.15,59237,192.168.10.3,53,17,0.030720,4,2,2,622,148,474,97.656250,CON,0.030720
18:66:da:9b:e3:7d,00:c1:b1:14:eb:31,192.168.10.3,61430,192.168.10.1,53,17,0.030247,2,1,1,312,92,220,33.061131,CON,0.030247
b8:ac:6f:36:0b:a8,18:66:da:9b:e3:7d,192.168.10.51,52338,192.168.10.3,53,17,0.060583,4,2,2,454,136,318,49.518841,CON,0.060583
18:66:da:9b:e3:7d,00:c1:b1:14:eb:31,192.168.10.3,62406,192.168.10.1,53,17,0.060204,2,1,1,249,79,170,16.610191,CON,0.060204
b8:ac:6f:36:0b:a8,18:66:da:9b:e3:7d,192.168.10.51,21881,192.168.10.3,53,17,0.060696,4,2,2,452,162,290,49.426651,CON,0.060696
18:66:da:9b:e3:7d,00:c1:b1:14:eb:31,192.168.10.3,61208,192.168.10.1,53,17,0.060349,2,1,1,248,92,156,16.570284,CON,0.060349
b8:ac:6f:36:07:ee,00:c1:b1:14:eb:31,192.168.10.14,50547,68.67.154.70,443,6,0.033018,2,1,1,120,60,60,30.286510,sSE,0.033018
00:1e:4f:d4:ca:28,00:c1:b1:14:eb:31,192.168.10.15,49473,131.253.61.82,443,6,0.283481,27,13,14,16904,3143,13761,91.716904,sSEfF,0.283481
b8:ac:6f:36:0b:a8,18:66:da:9b:e3:7d,192.168.10.51,37692,192.168.10.3,53,17,0.030380,4,2,2,414,156,258,98.749176,CON,0.030380
18:66:da:9b:e3:7d,00:c1:b1:14:eb:31,192.168.10.3,60545,192.168.10.1,53,17,0.030238,2,1,1,206,95,111,33.070969,CON,0.030238
00:23:ae:9b:ad:b3,00:c1:b1:14:eb:31,192.168.10.19,123,38.126.113.11,123,17,0.087947,2,1,1,180,90,90,11.370484,CON,0.087947
b8:ac:6f:36:0b:a8,18:66:da:9b:e3:7d,192.168.10.51,51232,192.168.10.3,53,17,0.060742,4,2,2,396,158,238,49.389221,CON,0.060742
18:66:da:9b:e3:7d,00:c1:b1:14:eb:31,192.168.10.3,60787,192.168.10.1,53,17,0.060412,2,1,1,220,90,130,16.553003,CON,0.060412
00:23:ae:9b:8a:bf,00:c1:b1:14:eb:31,192.168.10.16,48114,172.217.10.226,443,6,1.712504,141,69,72,16817,9462,7355,81.751633,E,1.712504
b8:ac:6f:36:07:ee,00:c1:b1:14:eb:31,192.168.10.14,50594,172.217.10.74,443,6,0.131751,3,2,1,260,160,100,15.180150,sSE,0.131751
b8:ac:6f:36:07:ee,00:c1:b1:14:eb:31,192.168.10.14,50502,172.217.12.142,443,6,0.147716,4,2,2,320,160,160,20.309242,sSE,0.147716
b8:ac:6f:36:07:ee,00:c1:b1:14:eb:31,192.168.10.14,50587,72.21.81.200,443,6,0.131731,4,2,2,320,160,160,22.773682,sSE,0.131731
b8:ac:6f:36:07:ee,00:c1:b1:14:eb:31,192.168.10.14,50567,172.217.11.2,443,6,0.131716,4,2,2,320,160,160,22.776276,sSE,0.131716
b8:ac:6f:36:0b:a8,00:c1:b1:14:eb:31,192.168.10.51,57271,199.167.65.22,443,6,1.575567,71,38,33,48131,4042,44089,44.428452,sSE,1.575567
b8:ac:6f:36:0b:a8,00:c1:b1:14:eb:31,192.168.10.51,57272,199.167.65.22,443,6,1.541852,73,38,35,51290,4081,47209,46.697090,sSE,1.541852
b8:ac:6f:36:07:ee,00:c1:b1:14:eb:31,192.168.10.14,50565,74.119.118.74,443,6,0.023212,2,1,1,120,60,60,43.081165,sSE,0.023212
b8:ac:6f:36:0b:a8,18:66:da:9b:e3:7d,192.168.10.51,28982,192.168.10.3,53,17,0.060761,4,2,2,492,144,348,49.373775,CON,0.060761
18:66:da:9b:e3:7d,00:c1:b1:14:eb:31,192.168.10.3,61023,192.168.10.1,53,17,0.060425,2,1,1,265,106,159,16.549442,CON,0.060425
b8:ac:6f:36:0b:a8,18:66:da:9b:e3:7d,192.168.10.51,33252,192.168.10.3,53,17,0.030506,4,2,2,418,152,266,98.341309,CON,0.030506
18:66:da:9b:e3:7d,00:c1:b1:14:eb:31,192.168.10.3,60787,192.168.10.1,53,17,0.030172,2,1,1,212,98,114,33.143311,CON,0.030172
b8:ac:6f:36:0b:a8,18:66:da:9b:e3:7d,192.168.10.51,6564,192.168.10.3,53,17,0.000187,4,2,2,584,164,420,16042.781250,CON,0.000187
b8:ac:6f:36:0b:a8,00:c1:b1:14:eb:31,192.168.10.51,57273,199.167.65.22,443,6,3.655921,59,33,26,36507,4695,31812,15.864676,sSE,3.655921
b8:ac:6f:36:0b:a8,00:c1:b1:14:eb:31,192.168.10.51,57274,199.167.65.22,443,6,3.246477,273,77,196,298549,6576,291973,83.783134,sSE,3.246477
b8:ac:6f:36:0b:a8,00:c1:b1:14:eb:31,192.168.10.51,57275,199.167.65.22,443,6,2.684934,79,47,32,49484,5098,44386,29.050995,sSE,2.684934
b8:ac:6f:36:0b:a8,00:c1:b1:14:eb:31,192.168.10.51,57276,199.167.65.22,443,6,1.479298,44,25,19,26447,3215,23232,29.067842,sSE,1.479298
b8:ac:6f:36:0b:a8,00:c1:b1:14:eb:31,192.168.10.51,57277,199.167.65.22,443,6,2.670124,111,60,51,77330,5895,71435,41.196587,sSE,2.670124
b8:ac:6f:36:0b:a8,00:c1:b1:14:eb:31,192.168.10.51,39153,104.16.207.165,443,6,0.357668,103,52,51,71648,3986,67662,285.180664,sSE,0.357668
b8:ac:6f:36:0b:a8,18:66:da:9b:e3:7d,192.168.10.51,35899,192.168.10.3,53,17,0.000161,4,2,2,452,162,290,18633.539062,CON,0.000161
b8:ac:6f:36:0b:a8,18:66:da:9b:e3:7d,192.168.10.51,18505,192.168.10.3,53,17,0.000170,4,2,2,452,162,290,17647.058594,CON,0.000170
b8:ac:6f:36:07:ee,00:c1:b1:14:eb:31,192.168.10.14,50550,204.11.109.66,443,6,0.088906,2,1,1,120,60,60,11.247835,sSE,0.088906
b8:ac:6f:36:07:ee,00:c1:b1:14:eb:31,192.168.10.14,50572,104.88.14.9,443,6,0.023113,2,1,1,126,60,66,43.265697,sSE,0.023113
b8:ac:6f:36:0b:a8,18:66:da:9b:e3:7d,192.168.10.51,16493,192.168.10.3,53,17,0.000194,4,2,2,396,158,238,15463.917969,CON,0.000194
b8:ac:6f:36:0b:a8,00:c1:b1:14:eb:31,192.168.10.51,57279,199.167.65.22,443,6,0.528379,19,12,7,7264,1947,5317,34.066456,sSE,0.528379
b8:ac:6f:36:0b:a8,00:c1:b1:14:eb:31,192.168.10.51,54011,172.217.12.138,443,6,0.989248,106,53,53,78002,4208,73794,106.141235,sSE,0.989248
b8:ac:6f:36:0b:a8,00:c1:b1:14:eb:31,192.168.10.51,51474,23.194.182.39,443,6,1.225557,70,41,29,41203,3357,37846,56.300934,sSE,1.225557
b8:ac:6f:36:07:ee,00:c1:b1:14:eb:31,192.168.10.14,50491,54.71.1.254,443,6,0.325560,6,3,3,391,180,211,15.358152,sSEfF,0.325560
b8:ac:6f:36:0b:a8,00:c1:b1:14:eb:31,192.168.10.51,39445,54.192.37.61,443,6,0.162995,15,8,7,7156,887,6269,85.892204,sSE,0.162995
b8:ac:6f:36:0b:a8,18:66:da:9b:e3:7d,192.168.10.51,20132,192.168.10.3,53,17,0.000166,4,2,2,418,152,266,18072.289062,CON,0.000166
b8:ac:6f:36:0b:a8,00:c1:b1:14:eb:31,192.168.10.51,57283,199.167.65.22,443,6,2.565380,247,82,165,248178,7187,240991,95.892220,sSE,2.565380
b8:ac:6f:36:0b:a8,00:c1:b1:14:eb:31,192.168.10.51,57284,199.167.65.22,443,6,1.305907,39,16,23,31178,2455,28723,29.098549,sSE,1.305907
b8:ac:6f:36:0b:a8,00:c1:b1:14:eb:31,192.168.10.51,57285,199.167.65.22,443,6,3.498787,9,5,4,1367,942,425,2.286507,sSE,3.498787
b8:ac:6f:36:0b:a8,00:c1:b1:14:eb:31,192.168.10.51,57286,199.167.65.22,443,6,1.300456,24,12,12,14555,2161,12394,17.686104,sSE,1.300456
b8:ac:6f:36:0b:a8,00:c1:b1:14:eb:31,192.168.10.51,57287,199.167.65.22,443,6,2.507280,41,20,21,28803,3535,25268,15.953543,sSE,2.507280
b8:ac:6f:36:0b:a8,00:c1:b1:14:eb:31,192.168.10.51,57288,199.167.65.22,443,6,1.674152,25,15,10,12148,2754,9394,14.335616,sSE,1.674152
b8:ac:6f:36:0b:a8,18:66:da:9b:e3:7d,192.168.10.51,64849,192.168.10.3,53,17,0.000190,4,2,2,452,162,290,15789.473633,CON,0.000190
b8:ac:6f:36:0b:a8,18:66:da:9b:e3:7d,192.168.10.51,4203,192.168.10.3,53,17,0.000206,4,2,2,492,144,348,14563.107422,CON,0.000206
b8:ac:6f:36:0b:a8,18:66:da:9b:e3:7d,192.168.10.51,38425,192.168.10.3,53,17,0.000197,4,2,2,452,162,290,15228.426758,CON,0.000197
b8:ac:6f:36:0b:a8,00:c1:b1:14:eb:31,192.168.10.51,57289,199.167.65.22,443,6,2.109756,28,15,13,15232,2397,12835,12.797688,sSE,2.109756
b8:ac:6f:36:0b:a8,00:c1:b1:14:eb:31,192.168.10.51,56469,172.217.10.46,80,6,0.443858,10,6,4,3038,1274,1764,20.276754,sSE,0.443858
b8:ac:6f:36:0b:a8,00:c1:b1:14:eb:31,192.168.10.51,46810,23.50.75.27,80,6,0.069679,6,4,2,844,704,140,71.757629,sSE,0.069679
b8:ac:6f:36:0b:a8,00:c1:b1:14:eb:31,192.168.10.51,60050,72.167.239.239,80,6,0.427422,10,6,4,1105,833,272,21.056475,sSEfF,0.427422
b8:ac:6f:36:0b:a8,00:c1:b1:14:eb:31,192.168.10.51,57293,199.167.65.22,443,6,1.089257,30,18,12,14686,2603,12083,26.623653,sSE,1.089257
b8:ac:6f:36:0b:a8,00:c1:b1:14:eb:31,192.168.10.51,57294,199.167.65.22,443,6,1.083702,24,13,11,12264,1867,10397,21.223547,sSE,1.083702
b8:ac:6f:36:0b:a8,00:c1:b1:14:eb:31,192.168.10.51,57295,199.167.65.22,443,6,1.083381,36,20,16,20475,2327,18148,32.306271,sSE,1.083381
b8:ac:6f:36:0b:a8,00:c1:b1:14:eb:31,192.168.10.51,57296,199.167.65.22,443,6,0.114782,12,7,5,3418,1479,1939,95.833839,sSE,0.114782
b8:ac:6f:36:0b:a8,00:c1:b1:14:eb:31,192.168.10.51,57297,199.167.65.22,443,6,0.120347,14,7,7,5868,1476,4392,108.020973,sSE,0.120347
b8:ac:6f:36:0b:a8,00:c1:b1:14:eb:31,192.168.10.51,57298,199.167.65.22,443,6,1.319861,797,223,574,878145,16146,861999,603.093811,sSE,1.319861
b8:ac:6f:36:0b:a8,00:c1:b1:14:eb:31,192.168.10.51,57299,199.167.65.22,443,6,0.083759,14,7,7,5441,1474,3967,155.207199,sSE,0.083759
b8:ac:6f:36:0b:a8,00:c1:b1:14:eb:31,192.168.10.51,57300,199.167.65.22,443,6,0.087845,17,8,9,8750,1533,7217,182.138992,sSE,0.087845
b8:ac:6f:36:0b:a8,18:66:da:9b:e3:7d,192.168.10.51,31765,192.168.10.3,53,17,0.000172,4,2,2,336,136,200,17441.861328,CON,0.000172
b8:ac:6f:36:0b:a8,18:66:da:9b:e3:7d,192.168.10.51,29669,192.168.10.3,53,17,0.000151,4,2,2,452,162,290,19867.548828,CON,0.000151
b8:ac:6f:36:0b:a8,18:66:da:9b:e3:7d,192.168.10.51,31627,192.168.10.3,53,17,0.000218,4,2,2,452,162,290,13761.467773,CON,0.000218
b8:ac:6f:36:0b:a8,18:66:da:9b:e3:7d,192.168.10.51,5660,192.168.10.3,53,17,0.000054,4,2,2,452,162,290,55555.554688,CON,0.000054
b8:ac:6f:36:0b:a8,18:66:da:9b:e3:7d,192.168.10.51,20123,192.168.10.3,53,17,0.000223,4,2,2,452,162,290,13452.915039,CON,0.000223
b8:ac:6f:36:07:ee,00:c1:b1:14:eb:31,192.168.10.14,50574,54.192.39.12,443,6,0.029803,2,1,1,126,60,66,33.553669,sSE,0.029803
b8:ac:6f:36:0b:a8,00:c1:b1:14:eb:31,192.168.10.51,60664,172.217.10.238,443,6,0.036749,2,1,1,132,66,66,27.211624,sSE,0.036749
b8:ac:6f:36:0b:a8,18:66:da:9b:e3:7d,192.168.10.51,44679,192.168.10.3,53,17,0.000012,4,2,2,452,162,290,249999.984375,CON,0.000012
b8:ac:6f:36:0b:a8,18:66:da:9b:e3:7d,192.168.10.51,54828,192.168.10.3,53,17,0.000193,4,2,2,492,144,348,15544.041016,CON,0.000193
b8:ac:6f:36:0b:a8,00:c1:b1:14:eb:31,192.168.10.51,58740,206.126.112.153,443,6,0.014955,2,1,1,132,66,66,66.867271,sSE,0.014955
b8:ac:6f:36:0b:a8,18:66:da:9b:e3:7d,192.168.10.51,36639,192.168.10.3,53,17,0.000057,4,2,2,444,180,264,52631.578125,CON,0.000057
b8:ac:6f:36:07:ee,00:c1:b1:14:eb:31,192.168.10.14,50539,152.163.64.1,443,6,0.028485,2,1,1,120,60,60,35.106197,sSE,0.028485
b8:ac:6f:36:07:ee,00:c1:b1:14:eb:31,192.168.10.14,50582,104.20.69.97,443,6,0.015176,2,1,1,126,60,66,65.893517,sSE,0.015176
b8:ac:6f:36:0b:a8,00:c1:b1:14:eb:31,192.168.10.51,48730,52.0.179.70,443,6,0.331360,13,7,6,4601,771,3830,36.214386,sSE,0.331360
b8:ac:6f:36:0b:a8,00:c1:b1:14:eb:31,192.168.10.51,57302,199.167.65.22,443,6,1.936781,67,37,30,40394,4235,36159,34.077160,sSE,1.936781
b8:ac:6f:36:0b:a8,00:c1:b1:14:eb:31,192.168.10.51,57303,199.167.65.22,443,6,0.756774,23,14,9,9055,1917,7138,29.070766,sSE,0.756774
b8:ac:6f:36:0b:a8,00:c1:b1:14:eb:31,192.168.10.51,57304,199.167.65.22,443,6,2.829684,9,5,4,1367,942,425,2.827171,sSE,2.829684
b8:ac:6f:36:0b:a8,00:c1:b1:14:eb:31,192.168.10.51,57305,199.167.65.22,443,6,2.915105,250,115,135,207957,9937,198020,85.417160,sSE,2.915105
b8:ac:6f:36:0b:a8,00:c1:b1:14:eb:31,192.168.10.51,57306,199.167.65.22,443,6,1.904193,70,37,33,46532,4301,42231,36.235821,sSE,1.904193
b8:ac:6f:36:0b:a8,00:c1:b1:14:eb:31,192.168.10.51,57307,199.167.65.22,443,6,0.741608,21,11,10,11268,2130,9138,26.968424,sSE,0.741608
b8:ac:6f:36:0b:a8,00:c1:b1:14:eb:31,192.168.10.51,57308,199.167.65.22,443,6,0.742460,20,11,9,9168,2097,7071,25.590603,sSE,0.742460
b8:ac:6f:36:0b:a8,00:c1:b1:14:eb:31,192.168.10.51,57309,199.167.65.22,443,6,1.904525,31,17,14,16922,2567,14355,15.751959,sSE,1.904525
b8:ac:6f:36:0b:a8,00:c1:b1:14:eb:31,192.168.10.51,57310,199.167.65.22,443,6,0.191546,14,7,7,5655,1474,4181,67.868820,sSE,0.191546
b8:ac:6f:36:0b:a8,00:c1:b1:14:eb:31,192.168.10.51,57311,199.167.65.22,443,6,0.190163,11,7,4,1897,1472,425,52.586464,sSE,0.190163
b8:ac:6f:36:0b:a8,00:c1:b1:14:eb:31,192.168.10.51,57312,199.167.65.22,443,6,0.230919,9,5,4,1367,942,425,34.644180,sSE,0.230919
00:1e:4f:d4:ca:28,00:c1:b1:14:eb:31,192.168.10.15,49449,23.50.75.27,80,6,0.023006,4,2,2,240,120,120,130.400772,sSEfF,0.023006
b8:ac:6f:36:07:ee,00:c1:b1:14:eb:31,192.168.10.14,50579,74.119.118.82,443,6,0.022862,2,1,1,120,60,60,43.740704,sSE,0.022862
b8:ac:6f:36:07:ee,00:c1:b1:14:eb:31,192.168.10.14,50581,68.67.154.70,443,6,0.032554,2,1,1,120,60,60,30.718191,sSE,0.032554
b8:ac:6f:36:07:ee,00:c1:b1:14:eb:31,192.168.10.14,50426,172.217.11.14,443,6,0.130840,4,2,2,320,160,160,22.928768,sSE,0.130840
b8:ac:6f:36:0b:a8,00:c1:b1:14:eb:31,192.168.10.51,46832,23.50.75.27,80,6,0.054844,6,4,2,844,704,140,91.167679,sSE,0.054844
b8:ac:6f:36:0b:a8,18:66:da:9b:e3:7d,192.168.10.51,16520,192.168.10.3,53,17,0.000093,4,2,2,506,156,350,32258.064453,CON,0.000093
00:23:ae:9b:8a:bf,18:66:da:9b:e3:7d,192.168.10.16,57898,192.168.10.3,53,17,0.000205,4,2,2,452,146,306,14634.146484,CON,0.000205
00:23:ae:9b:8a:bf,18:66:da:9b:e3:7d,192.168.10.16,5108,192.168.10.3,53,17,0.000322,4,2,2,416,146,270,9316.769531,CON,0.000322
b8:ac:6f:36:0b:a8,18:66:da:9b:e3:7d,192.168.10.51,35841,192.168.10.3,53,17,0.000196,4,2,2,424,160,264,15306.123047,CON,0.000196
b8:ac:6f:36:0b:a8,00:c1:b1:14:eb:31,192.168.10.51,56493,172.217.10.46,80,6,0.036913,3,2,1,214,140,74,54.181454,sSE,0.036913
b8:ac:6f:36:0b:a8,18:66:da:9b:e3:7d,192.168.10.51,30645,192.168.10.3,53,17,0.000251,4,2,2,718,152,566,11952.191406,CON,0.000251
b8:ac:6f:36:0b:a8,18:66:da:9b:e3:7d,192.168.10.51,43020,192.168.10.3,53,17,0.000226,4,2,2,718,152,566,13274.335938,CON,0.000226
b8:ac:6f:36:07:ee,00:c1:b1:14:eb:31,192.168.10.14,50543,68.67.154.70,443,6,0.032076,2,1,1,120,60,60,31.175957,sSE,0.032076
00:23:ae:9b:8a:bf,00:c1:b1:14:eb:31,192.168.10.16,50354,52.15.239.205,443,6,0.040851,2,1,1,132,66,66,24.479204,E,0.040851
b8:ac:6f:36:0b:a8,00:c1:b1:14:eb:31,192.168.10.51,36947,23.194.181.179,443,6,0.158445,9,5,4,1373,942,431,50.490707,sSE,0.158445
b8:ac:6f:36:0b:a8,18:66:da:9b:e3:7d,192.168.10.51,46997,192.168.10.3,53,17,0.000196,4,2,2,444,180,264,15306.123047,CON,0.000196
b8:ac:6f:36:0b:a8,00:c1:b1:14:eb:31,192.168.10.51,47147,172.217.10.106,443,6,0.342466,9,5,4,1382,942,440,23.359983,sSE,0.342466
b8:ac:6f:36:0b:a8,18:66:da:9b:e3:7d,192.168.10.51,48679,192.168.10.3,53,17,0.061166,4,2,2,410,146,264,49.046856,CON,0.061166
18:66:da:9b:e3:7d,00:c1:b1:14:eb:31,192.168.10.3,62533,192.168.10.1,53,17,0.060735,2,1,1,227,84,143,16.464972,CON,0.060735
b8:ac:6f:36:0b:a8,00:c1:b1:14:eb:31,192.168.10.51,51126,54.86.215.195,443,6,0.394625,15,8,7,6583,845,5738,35.476719,sSE,0.394625
b8:ac:6f:36:0b:a8,00:c1:b1:14:eb:31,192.168.10.51,33888,172.217.3.98,443,6,0.344613,9,5,4,1382,942,440,23.214447,sSE,0.344613
b8:ac:6f:36:0b:a8,00:c1:b1:14:eb:31,192.168.10.51,49891,54.230.37.93,443,6,0.972099,27,14,13,15049,1593,13456,26.746246,sSE,0.972099
b8:ac:6f:36:08:f5,00:c1:b1:14:eb:31,192.168.10.8,49207,72.21.91.29,80,6,0.023442,2,1,1,126,60,66,42.658478,sSE,0.023442
b8:ac:6f:36:07:ee,18:66:da:9b:e3:7d,192.168.10.14,123,192.168.10.3,123,17,0.000020,4,2,2,360,180,180,150000.000000,CON,0.000020
b8:ac:6f:36:0b:a8,18:66:da:9b:e3:7d,192.168.10.51,46577,192.168.10.3,53,17,0.000271,4,2,2,380,160,220,11070.110352,CON,0.000271
b8:ac:6f:36:07:ee,00:c1:b1:14:eb:31,192.168.10.14,50586,35.160.180.157,443,6,0.097986,6,3,3,391,180,211,51.027699,sSEfF,0.097986
b8:ac:6f:36:0b:a8,18:66:da:9b:e3:7d,192.168.10.51,40647,192.168.10.3,53,17,0.000232,4,2,2,456,168,288,12931.034180,CON,0.000232
b8:ac:6f:36:0b:a8,18:66:da:9b:e3:7d,192.168.10.51,41752,192.168.10.3,53,17,0.000027,4,2,2,456,168,288,111111.109375,CON,0.000027
b8:ac:6f:36:07:ee,00:c1:b1:14:eb:31,192.168.10.14,50614,151.101.210.2,443,6,0.130859,4,2,2,320,160,160,22.925438,sSE,0.130859
b8:ac:6f:36:0b:a8,18:66:da:9b:e3:7d,192.168.10.51,43134,192.168.10.3,53,17,0.061474,4,2,2,412,154,258,48.801121,CON,0.061474
18:66:da:9b:e3:7d,00:c1:b1:14:eb:31,192.168.10.3,61944,192.168.10.1,53,17,0.061036,2,1,1,228,88,140,16.383774,CON,0.061036
b8:ac:6f:36:07:ee,00:c1:b1:14:eb:31,192.168.10.14,50591,198.57.30.31,443,6,0.036896,2,1,1,120,60,60,27.103209,sSE,0.036896
b8:ac:6f:36:0b:a8,18:66:da:9b:e3:7d,192.168.10.51,12232,192.168.10.3,53,17,0.031371,4,2,2,562,168,394,95.629715,CON,0.031371
18:66:da:9b:e3:7d,00:c1:b1:14:eb:31,192.168.10.3,62353,192.168.10.1,53,17,0.030885,2,1,1,276,106,170,32.378178,CON,0.030885
b8:ac:6f:36:07:ee,00:c1:b1:14:eb:31,192.168.10.14,50467,104.16.127.228,443,6,0.015216,2,1,1,126,60,66,65.720291,sSE,0.015216
b8:ac:6f:36:07:ee,00:c1:b1:14:eb:31,192.168.10.14,50489,35.160.180.157,443,6,0.382843,6,3,3,391,180,211,13.060184,sSEfF,0.382843
b8:ac:6f:36:0b:a8,00:c1:b1:14:eb:31,192.168.10.51,59093,72.21.91.113,443,6,0.930644,24,13,11,13032,2415,10617,24.714069,sSE,0.930644
b8:ac:6f:36:0b:a8,00:c1:b1:14:eb:31,192.168.10.51,35565,64.188.48.66,443,6,0.637447,25,15,10,12399,2057,10342,37.650188,sSE,0.637447
b8:ac:6f:36:0b:a8,00:c1:b1:14:eb:31,192.168.10.51,57322,199.167.65.22,443,6,0.311688,9,5,4,1367,942,425,25.666693,sSE,0.311688
b8:ac:6f:36:0b:a8,00:c1:b1:14:eb:31,192.168.10.51,57323,199.167.65.22,443,6,0.096362,9,5,4,1367,942,425,83.020279,sSE,0.096362
b8:ac:6f:36:0b:a8,00:c1:b1:14:eb:31,192.168.10.51,57324,199.167.65.22,443,6,1.321023,26,16,10,10027,2671,7356,18.924728,sSE,1.321023
b8:ac:6f:36:0b:a8,00:c1:b1:14:eb:31,192.168.10.51,57325,199.167.65.22,443,6,0.313457,9,5,4,1367,942,425,25.521841,sSE,0.313457
b8:ac:6f:36:0b:a8,00:c1:b1:14:eb:31,192.168.10.51,57326,199.167.65.22,443,6,0.240784,9,5,4,1367,942,425,33.224800,sSE,0.240784
b8:ac:6f:36:0b:a8,18:66:da:9b:e3:7d,192.168.10.51,64097,192.168.10.3,53,17,0.000234,4,2,2,452,162,290,12820.512695,CON,0.000234
00:c1:b1:14:eb:31,00:23:ae:9b:8a:bf,191.237.24.89,443,192.168.10.16,34436,6,0.000010,2,1,1,185,119,66,100000.000000,E,0.000010
b8:ac:6f:36:0b:a8,00:c1:b1:14:eb:31,192.168.10.51,57327,199.167.65.22,443,6,0.187627,12,7,5,1949,1458,491,58.626957,sSE,0.187627
b8:ac:6f:36:0b:a8,00:c1:b1:14:eb:31,192.168.10.51,57328,199.167.65.22,443,6,0.267990,13,7,6,3398,1436,1962,44.777790,sSE,0.267990
b8:ac:6f:36:0b:a8,00:c1:b1:14:eb:31,192.168.10.51,57329,199.167.65.22,443,6,0.317083,17,9,8,6624,1591,5033,50.459972,sSE,0.317083
b8:ac:6f:36:0b:a8,00:c1:b1:14:eb:31,192.168.10.51,57330,199.167.65.22,443,6,0.545375,156,57,99,147145,4765,142380,284.208130,sSE,0.545375
b8:ac:6f:36:07:ee,00:c1:b1:14:eb:31,192.168.10.14,50593,72.21.91.29,80,6,0.023592,2,1,1,126,60,66,42.387249,sSE,0.023592
b8:ac:6f:36:07:ee,00:c1:b1:14:eb:31,192.168.10.14,50509,72.21.91.29,80,6,0.023581,2,1,1,126,60,66,42.407024,sSE,0.023581
b8:ac:6f:36:07:ee,00:c1:b1:14:eb:31,192.168.10.14,50609,74.119.118.67,443,6,0.022938,2,1,1,120,60,60,43.595779,sSE,0.022938
b8:ac:6f:36:0a:8b,00:c1:b1:14:eb:31,192.168.10.5,49445,52.84.143.163,443,6,0.021948,2,1,1,126,60,66,45.562237,sSE,0.021948
b8:ac:6f:36:07:ee,00:c1:b1:14:eb:31,192.168.10.14,50605,52.73.182.32,443,6,4.692565,7,3,4,451,180,271,1.278618,sSEfF,4.692565
b8:ac:6f:36:07:ee,00:c1:b1:14:eb:31,192.168.10.14,50607,104.196.190.32,443,6,4.696485,7,3,4,451,180,271,1.277551,sSEfF,4.696485
b8:ac:6f:36:07:ee,00:c1:b1:14:eb:31,192.168.10.14,50606,54.165.207.11,443,6,0.050213,4,2,2,265,120,145,59.745483,sSEfF,0.050213
