SrcMac,DstMac,SrcAddr,Sport,DstAddr,Dport,Proto,Mean,TotPkts,SrcPkts,DstPkts,TotBytes,SrcBytes,DstBytes,Rate,State,Dur
b8:ac:6f:36:0b:a8,00:c1:b1:14:eb:31,192.168.10.51,54510,172.217.12.138,443,6,4.819454,5,3,2,330,198,132,0.829970,sSEfF,4.819454
b8:ac:6f:36:0b:a8,00:c1:b1:14:eb:31,192.168.10.51,37768,172.217.9.226,443,6,4.595420,5,3,2,330,198,132,0.870432,sSEfF,4.595420
b8:ac:6f:36:0b:a8,00:c1:b1:14:eb:31,192.168.10.51,37766,172.217.9.226,443,6,4.595101,9,5,4,2522,1280,1242,1.740985,sSEfF,4.595101
b8:ac:6f:36:0b:a8,00:c1:b1:14:eb:31,192.168.10.51,37934,172.217.9.238,443,6,4.563024,5,3,2,330,198,132,0.876612,sSEfF,4.563024
b8:ac:6f:36:0b:a8,00:c1:b1:14:eb:31,192.168.10.51,56690,172.217.10.230,443,6,4.337439,5,3,2,330,198,132,0.922203,sSEfF,4.337439
b8:ac:6f:36:0b:a8,00:c1:b1:14:eb:31,192.168.10.51,37259,172.217.10.132,443,6,4.210820,8,4,4,954,264,690,1.662384,sSEfF,4.210820
b8:ac:6f:36:0b:a8,00:c1:b1:14:eb:31,192.168.10.51,37287,23.61.187.27,80,6,4.277998,6,3,3,396,198,198,1.168771,sSEfF,4.277998
b8:ac:6f:36:0b:a8,00:c1:b1:14:eb:31,192.168.10.51,37290,23.61.187.27,80,6,4.114692,5,3,2,330,198,132,0.972126,sSEfF,4.114692
b8:ac:6f:36:0b:a8,00:c1:b1:14:eb:31,192.168.10.51,40884,172.217.9.238,80,6,3.538940,5,3,2,330,198,132,1.130282,sSEfF,3.538940
b8:ac:6f:36:0b:a8,00:c1:b1:14:eb:31,192.168.10.51,59587,141.145.8.13,443,6,3.186474,6,3,3,396,198,198,1.569132,sSEfF,3.186474
00:23:ae:9b:ad:b3,18:66:da:9b:e3:7d,192.168.10.19,27111,192.168.10.3,53,17,5.005445,4,4,0,276,276,0,0.599347,INT,5.005445
00:23:ae:9b:ad:b3,18:66:da:9b:e3:7d,192.168.10.19,13372,192.168.10.3,53,17,5.005451,4,4,0,276,276,0,0.599347,INT,5.005451
b8:ac:6f:36:0b:a8,00:c1:b1:14:eb:31,192.168.10.51,56625,172.217.7.3,443,6,3.057915,8,5,3,2186,1562,624,2.289141,sSEfF,3.057915
b8:ac:6f:36:0b:a8,00:c1:b1:14:eb:31,192.168.10.51,56626,172.217.7.3,443,6,2.995442,5,3,2,330,198,132,1.335362,sSEfF,2.995442
b8:ac:6f:36:0b:a8,00:c1:b1:14:eb:31,192.168.10.51,58051,172.217.6.238,443,6,2.996078,29,15,14,15349,2686,12663,9.345551,sSEfF,2.996078
b8:ac:6f:36:0b:a8,00:c1:b1:14:eb:31,192.168.10.51,50393,23.194.180.222,443,6,2.823593,7,4,3,481,252,229,2.124952,sSEfR,2.823593
b8:ac:6f:36:0b:a8,00:c1:b1:14:eb:31,192.168.10.51,40785,172.217.7.14,443,6,2.732877,12,8,4,5935,4384,1551,4.025062,sSEfF,2.732877
b8:ac:6f:36:0b:a8,00:c1:b1:14:eb:31,192.168.10.51,40838,172.217.7.14,443,6,2.725698,19,10,9,4149,2521,1628,6.603813,sSEfF,2.725698
b8:ac:6f:36:0b:a8,00:c1:b1:14:eb:31,192.168.10.51,40839,172.217.7.14,443,6,2.711483,16,9,7,3563,2496,1067,5.532028,sSEfF,2.711483
b8:ac:6f:36:0b:a8,00:c1:b1:14:eb:31,192.168.10.51,40840,172.217.7.14,443,6,2.708457,12,7,5,1580,1074,506,4.061353,sSEfF,2.708457
b8:ac:6f:36:0b:a8,00:c1:b1:14:eb:31,192.168.10.51,41369,206.126.112.142,443,6,1.245885,1518,611,907,1391792,48980,1342812,1217.608398,sSEfR,1.245885
b8:ac:6f:36:0b:a8,00:c1:b1:14:eb:31,192.168.10.51,41370,206.126.112.142,443,6,2.157422,12,7,5,1519,1038,481,5.098678,sSEfF,2.157422
b8:ac:6f:1d:1f:6c,00:c1:b1:14:eb:31,192.168.10.9,62837,52.73.182.32,80,6,4.714412,6,3,3,366,180,186,1.060578,sSEfF,4.714412
b8:ac:6f:36:0b:a8,00:c1:b1:14:eb:31,192.168.10.51,59196,172.217.10.130,443,6,2.035098,8,5,3,2419,1130,1289,3.439638,sSEfF,2.035098
b8:ac:6f:36:0b:a8,00:c1:b1:14:eb:31,192.168.10.51,58022,172.217.6.238,443,6,2.002588,9,5,4,2368,1208,1160,3.994831,sSEfF,2.002588
b8:ac:6f:1d:1f:6c,00:c1:b1:14:eb:31,192.168.10.9,62865,52.201.35.92,80,6,0.574020,6,3,3,366,180,186,8.710498,sSEfF,0.574020
b8:ac:6f:1d:1f:6c,00:c1:b1:14:eb:31,192.168.10.9,62866,34.205.21.160,80,6,0.538792,6,3,3,366,180,186,9.280019,sSEfF,0.538792
b8:ac:6f:36:0b:a8,00:c1:b1:14:eb:31,192.168.10.51,37763,172.217.9.226,443,6,1.267098,10,6,4,1805,1470,335,7.102845,sSEfF,1.267098
b8:ac:6f:1d:1f:6c,00:c1:b1:14:eb:31,192.168.10.9,62864,80.85.85.173,80,6,4.628735,6,3,3,366,180,186,1.080209,sSEfF,4.628735
b8:ac:6f:1d:1f:6c,00:c1:b1:14:eb:31,192.168.10.9,63035,169.60.66.35,80,6,0.042233,2,1,1,120,60,60,23.678165,sSE,0.042233
b8:ac:6f:36:0b:a8,00:c1:b1:14:eb:31,192.168.10.51,58141,172.217.6.238,443,6,1.172820,16,9,7,3244,2104,1140,12.789687,sSEfF,1.172820
b8:ac:6f:36:0b:a8,18:66:da:9b:e3:7d,192.168.10.51,22608,192.168.10.3,53,17,0.000186,4,2,2,400,150,250,16129.032227,CON,0.000186
b8:ac:6f:1d:1f:6c,00:c1:b1:14:eb:31,192.168.10.9,62879,54.236.87.23,80,6,0.103483,6,3,3,366,180,186,48.317116,sSEfF,0.103483
b8:ac:6f:1d:1f:6c,00:c1:b1:14:eb:31,192.168.10.9,63090,198.54.12.145,443,6,2.038797,5,2,3,300,120,180,1.961941,sSE,2.038797
b8:ac:6f:1d:1f:6c,00:c1:b1:14:eb:31,192.168.10.9,63081,198.54.12.145,443,6,0.058982,2,1,1,120,60,60,16.954325,sSE,0.058982
b8:ac:6f:1d:1f:6c,00:c1:b1:14:eb:31,192.168.10.9,62881,52.55.169.85,80,6,0.551337,6,3,3,366,180,186,9.068864,sSEfF,0.551337
b8:ac:6f:1d:1f:6c,00:c1:b1:14:eb:31,192.168.10.9,62877,54.225.209.131,80,6,0.442408,6,3,3,366,180,186,11.301785,sSEfF,0.442408
b8:ac:6f:1d:1f:6c,00:c1:b1:14:eb:31,192.168.10.9,63064,198.54.12.145,443,6,0.058844,2,1,1,120,60,60,16.994085,sSE,0.058844
b8:ac:6f:1d:1f:6c,00:c1:b1:14:eb:31,192.168.10.9,62601,172.217.10.66,443,6,0.237678,4,2,2,320,160,160,12.622119,sSE,0.237678
b8:ac:6f:1d:1f:6c,00:c1:b1:14:eb:31,192.168.10.9,62956,23.61.187.27,80,6,0.036724,2,1,1,126,60,66,27.230148,sSE,0.036724
b8:ac:6f:1d:1f:6c,00:c1:b1:14:eb:31,192.168.10.9,62869,184.86.217.145,443,6,0.022837,2,1,1,126,60,66,43.788589,sSE,0.022837
b8:ac:6f:1d:1f:6c,00:c1:b1:14:eb:31,192.168.10.9,62853,52.84.140.151,80,6,0.021947,2,1,1,126,60,66,45.564312,sSE,0.021947
b8:ac:6f:1d:1f:6c,00:c1:b1:14:eb:31,192.168.10.9,62867,70.42.132.21,80,6,4.640492,6,3,3,366,180,186,1.077472,sSEfF,4.640492
b8:ac:6f:36:0a:8b,00:c1:b1:14:eb:31,192.168.10.5,51773,192.82.243.71,443,6,0.023933,2,1,1,120,60,60,41.783310,sSE,0.023933
b8:ac:6f:1d:1f:6c,00:c1:b1:14:eb:31,192.168.10.9,62800,69.169.86.39,80,6,0.022995,2,1,1,120,60,60,43.487713,sSE,0.022995
b8:ac:6f:36:0b:a8,00:c1:b1:14:eb:31,192.168.10.51,55674,141.145.8.17,443,6,1.107582,6,3,3,396,198,198,4.514338,sSEfF,1.107582
b8:ac:6f:1d:1f:6c,00:c1:b1:14:eb:31,192.168.10.9,62774,74.121.138.87,80,6,0.024048,2,1,1,126,60,66,41.583500,sSE,0.024048
b8:ac:6f:1d:1f:6c,00:c1:b1:14:eb:31,192.168.10.9,63160,54.69.173.138,443,6,0.082896,2,1,1,126,60,66,12.063308,sSE,0.082896
18:66:da:9b:e3:7d,b8:ac:6f:1d:1f:6c,192.168.10.3,,192.168.10.9,,2054,0.000009,4,2,2,240,120,120,333333.312500,CON,0.000009
b8:ac:6f:36:0b:a8,18:66:da:9b:e3:7d,192.168.10.51,64837,192.168.10.3,53,17,0.000190,4,2,2,430,174,256,15789.473633,CON,0.000190
00:23:ae:9b:8a:bf,00:c1:b1:14:eb:31,192.168.10.16,46720,151.101.65.69,80,6,0.015000,2,1,1,132,66,66,66.666672,sSE,0.015000
b8:ac:6f:1d:1f:6c,00:c1:b1:14:eb:31,192.168.10.9,62893,151.101.2.49,80,6,0.014963,2,1,1,126,60,66,66.831520,sSE,0.014963
b8:ac:6f:1d:1f:6c,00:c1:b1:14:eb:31,192.168.10.9,62851,52.24.177.179,80,6,0.204770,6,3,3,366,180,186,24.417639,sSEfF,0.204770
b8:ac:6f:1d:1f:6c,00:c1:b1:14:eb:31,192.168.10.9,63180,198.51.152.183,80,6,0.023479,3,2,1,180,120,60,85.182503,sSEf,0.023479
b8:ac:6f:1d:1f:6c,00:c1:b1:14:eb:31,192.168.10.9,63185,23.194.142.69,443,6,0.023067,5,3,2,350,205,145,173.407898,sSEfFR,0.023067
b8:ac:6f:36:0b:a8,00:c1:b1:14:eb:31,192.168.10.51,37254,172.217.10.132,443,6,0.786587,8,5,3,3043,1606,1437,8.899206,sSEfF,0.786587
b8:ac:6f:36:0b:a8,00:c1:b1:14:eb:31,192.168.10.51,59264,172.217.10.130,443,6,0.787686,5,3,2,330,198,132,5.078166,sSEfF,0.787686
b8:ac:6f:36:0b:a8,00:c1:b1:14:eb:31,192.168.10.51,49688,152.163.56.2,443,6,0.777645,5,3,2,300,180,120,5.143735,sSEfF,0.777645
b8:ac:6f:1d:1f:6c,00:c1:b1:14:eb:31,192.168.10.9,63179,69.169.86.38,443,6,0.000000,2,1,1,120,60,60,0.000000,sSEfF,0.000000
b8:ac:6f:36:0b:a8,18:66:da:9b:e3:7d,192.168.10.51,37621,192.168.10.3,53,17,0.000201,4,2,2,328,148,180,14925.373047,CON,0.000201
b8:ac:6f:36:0b:a8,00:c1:b1:14:eb:31,192.168.10.51,52702,23.208.217.175,443,6,0.725258,7,4,3,481,252,229,8.272918,sSEfR,0.725258
b8:ac:6f:1d:1f:6c,00:c1:b1:14:eb:31,192.168.10.9,62889,52.22.170.72,80,6,0.050485,4,2,2,240,120,120,59.423592,sSEfF,0.050485
b8:ac:6f:36:04:e3,00:c1:b1:14:eb:31,192.168.10.12,37956,54.154.31.94,80,6,0.103961,2,1,1,132,66,66,9.618992,sSE,0.103961
b8:ac:6f:36:0b:a8,18:66:da:9b:e3:7d,192.168.10.51,32757,192.168.10.3,53,17,0.000172,4,2,2,324,146,178,17441.861328,CON,0.000172
00:23:ae:9b:8a:bf,00:c1:b1:14:eb:31,192.168.10.16,49028,172.217.9.238,80,6,0.036883,2,1,1,132,66,66,27.112762,sSE,0.036883
b8:ac:6f:36:0a:8b,00:c1:b1:14:eb:31,192.168.10.5,51855,54.241.153.60,443,6,4.960542,4,2,2,265,120,145,0.604773,sSEfF,4.960542
b8:ac:6f:36:0a:8b,00:c1:b1:14:eb:31,192.168.10.5,51857,54.241.153.60,443,6,4.960750,4,2,2,265,120,145,0.604747,sSEfF,4.960750
b8:ac:6f:36:0a:8b,00:c1:b1:14:eb:31,192.168.10.5,51859,52.14.217.119,443,6,4.984647,4,2,2,265,120,145,0.601848,sSEfF,4.984647
b8:ac:6f:1d:1f:6c,00:c1:b1:14:eb:31,192.168.10.9,63187,34.202.69.17,80,6,0.051472,4,2,2,240,120,120,58.284115,sSEfF,0.051472
00:23:ae:9b:8a:bf,00:c1:b1:14:eb:31,192.168.10.16,46360,173.222.140.253,443,6,0.023120,2,1,1,132,66,66,43.252598,sSE,0.023120
b8:ac:6f:36:0b:a8,00:c1:b1:14:eb:31,192.168.10.51,37261,23.61.187.27,80,6,0.339451,5,3,2,330,198,132,11.783733,sSEfF,0.339451
b8:ac:6f:36:0b:a8,00:c1:b1:14:eb:31,192.168.10.51,35798,8.43.72.21,443,6,0.209383,5,3,2,300,180,120,19.103748,sSEfF,0.209383
b8:ac:6f:1d:1f:6c,00:c1:b1:14:eb:31,192.168.10.9,62890,139.162.146.37,80,6,4.523737,6,3,3,366,180,186,1.105281,sSEfF,4.523737
b8:ac:6f:1d:1f:6c,00:c1:b1:14:eb:31,192.168.10.9,63074,23.15.4.9,80,6,0.015101,2,1,1,126,60,66,66.220779,sSE,0.015101
00:23:ae:9b:8a:bf,00:c1:b1:14:eb:31,192.168.10.16,50526,72.21.91.29,80,6,0.023706,2,1,1,132,66,66,42.183414,sSE,0.023706
b8:ac:6f:1d:1f:6c,00:c1:b1:14:eb:31,192.168.10.9,63075,23.208.165.24,80,6,0.023358,2,1,1,126,60,66,42.811882,sSE,0.023358
b8:ac:6f:1d:1f:6c,00:c1:b1:14:eb:31,192.168.10.9,63073,104.97.73.166,80,6,0.023322,2,1,1,126,60,66,42.877972,sSE,0.023322
b8:ac:6f:36:0b:a8,00:c1:b1:14:eb:31,192.168.10.51,35919,172.217.10.6,443,6,0.035356,3,2,1,198,132,66,56.567486,sSEfF,0.035356
b8:ac:6f:36:0b:a8,00:c1:b1:14:eb:31,192.168.10.51,36633,72.21.91.29,80,6,0.022601,3,2,1,198,132,66,88.491661,sSEfF,0.022601
b8:ac:6f:36:0b:a8,00:c1:b1:14:eb:31,192.168.10.51,44630,172.217.12.163,443,6,0.035491,3,2,1,198,132,66,56.352314,sSEfF,0.035491
b8:ac:6f:36:0b:a8,00:c1:b1:14:eb:31,192.168.10.51,54766,172.217.11.8,443,6,0.035258,3,2,1,198,132,66,56.724716,sSEfF,0.035258
b8:ac:6f:36:0b:a8,00:c1:b1:14:eb:31,192.168.10.51,37889,172.217.9.238,443,6,0.036154,3,2,1,198,132,66,55.318916,sSEfF,0.036154
b8:ac:6f:36:0b:a8,00:c1:b1:14:eb:31,192.168.10.51,43215,104.88.109.24,443,6,0.022062,5,3,2,349,186,163,181.307220,sSEfFR,0.022062
b8:ac:6f:36:0b:a8,00:c1:b1:14:eb:31,192.168.10.51,54757,52.84.136.77,443,6,0.021171,3,2,1,198,132,66,94.468849,sSEfF,0.021171
b8:ac:6f:36:0b:a8,00:c1:b1:14:eb:31,192.168.10.51,44956,151.101.0.65,443,6,0.015228,5,3,2,349,186,163,262.674042,sSEfR,0.015228
b8:ac:6f:36:0b:a8,00:c1:b1:14:eb:31,192.168.10.51,40901,172.217.12.174,443,6,0.035599,3,2,1,198,132,66,56.181351,sSEfF,0.035599
b8:ac:6f:36:0b:a8,00:c1:b1:14:eb:31,192.168.10.51,40559,209.85.201.154,443,6,0.047552,3,2,1,198,132,66,42.059219,sSEfF,0.047552
b8:ac:6f:36:0b:a8,00:c1:b1:14:eb:31,192.168.10.51,40910,172.217.12.174,443,6,0.035460,3,2,1,198,132,66,56.401581,sSEfF,0.035460
b8:ac:6f:36:0b:a8,00:c1:b1:14:eb:31,192.168.10.51,37282,172.217.10.132,443,6,0.035485,3,2,1,198,132,66,56.361843,sSEfF,0.035485
b8:ac:6f:36:0b:a8,00:c1:b1:14:eb:31,192.168.10.51,60169,23.194.182.14,443,6,0.022068,5,3,2,349,186,163,181.257935,sSEfFR,0.022068
b8:ac:6f:36:0b:a8,00:c1:b1:14:eb:31,192.168.10.51,60415,31.13.73.7,443,6,0.058849,7,4,3,520,246,274,101.955856,EfFR,0.058849
b8:ac:6f:36:0b:a8,00:c1:b1:14:eb:31,192.168.10.51,50822,151.101.2.2,443,6,0.014278,5,3,2,349,186,163,280.151276,sSEfFR,0.014278
b8:ac:6f:36:0b:a8,00:c1:b1:14:eb:31,192.168.10.51,33182,199.59.150.44,443,6,0.087597,5,3,2,349,186,163,45.663666,sSEfFR,0.087597
b8:ac:6f:36:0b:a8,00:c1:b1:14:eb:31,192.168.10.51,33560,199.59.149.200,443,6,0.086623,5,3,2,349,186,163,46.177113,sSEfFR,0.086623
b8:ac:6f:36:0b:a8,00:c1:b1:14:eb:31,192.168.10.51,33811,157.240.2.35,443,6,0.034018,7,4,3,520,246,274,176.377213,EfFR,0.034018
b8:ac:6f:36:0b:a8,00:c1:b1:14:eb:31,192.168.10.51,54774,52.84.143.97,80,6,0.021260,3,2,1,198,132,66,94.073372,sSEfF,0.021260
b8:ac:6f:1d:1f:6c,00:c1:b1:14:eb:31,192.168.10.9,62776,204.79.197.200,80,6,0.000000,1,0,1,60,0,60,0.000000,sSER,0.000000
b8:ac:6f:1d:1f:6c,00:c1:b1:14:eb:31,192.168.10.9,62758,52.84.143.148,80,6,0.022094,2,1,1,126,60,66,45.261158,sSE,0.022094
00:23:ae:9b:8a:bf,00:c1:b1:14:eb:31,192.168.10.16,41890,23.194.181.179,443,6,0.023416,2,1,1,132,66,66,42.705845,sSE,0.023416
b8:ac:6f:1d:1f:6c,00:c1:b1:14:eb:31,192.168.10.9,62757,52.84.143.148,80,6,0.022266,2,1,1,126,60,66,44.911522,sSE,0.022266
b8:ac:6f:1d:1f:6c,00:c1:b1:14:eb:31,192.168.10.9,63188,34.202.69.17,80,6,0.051725,3,2,1,180,120,60,38.666023,sSEf,0.051725
b8:ac:6f:1d:1f:6c,00:c1:b1:14:eb:31,192.168.10.9,62906,151.101.128.207,443,6,0.015093,2,1,1,126,60,66,66.255882,sSE,0.015093
b8:ac:6f:1d:1f:6c,00:c1:b1:14:eb:31,192.168.10.9,62748,54.235.185.192,80,6,0.701144,6,3,3,366,180,186,7.131203,sSEfF,0.701144
b8:ac:6f:1d:1f:6c,00:c1:b1:14:eb:31,192.168.10.9,63062,52.2.56.173,443,6,0.050923,2,1,1,126,60,66,19.637491,sSE,0.050923
b8:ac:6f:1d:1f:6c,00:c1:b1:14:eb:31,192.168.10.9,63033,192.35.249.124,80,6,2.433043,18,7,11,9372,420,8952,6.987135,sSE,2.433043
b8:ac:6f:1d:1f:6c,00:c1:b1:14:eb:31,192.168.10.9,63048,54.193.106.88,443,6,0.087072,2,1,1,126,60,66,11.484748,sSE,0.087072
b8:ac:6f:1d:1f:6c,00:c1:b1:14:eb:31,192.168.10.9,62706,151.101.20.175,80,6,0.023320,2,1,1,126,60,66,42.881645,sSE,0.023320
b8:ac:6f:1d:1f:6c,00:c1:b1:14:eb:31,192.168.10.9,62668,104.17.239.25,443,6,0.014290,2,1,1,126,60,66,69.979004,sSE,0.014290
b8:ac:6f:1d:1f:6c,00:c1:b1:14:eb:31,192.168.10.9,63088,23.61.187.27,80,6,0.036779,2,1,1,126,60,66,27.189428,sSE,0.036779
b8:ac:6f:1d:1f:6c,00:c1:b1:14:eb:31,192.168.10.9,62673,54.192.36.45,80,6,0.028599,2,1,1,126,60,66,34.966259,sSE,0.028599
b8:ac:6f:1d:1f:6c,18:66:da:9b:e3:7d,192.168.10.9,53629,192.168.10.3,53,17,0.001176,4,2,2,486,152,334,2551.020508,CON,0.001176
18:66:da:9b:e3:7d,00:c1:b1:14:eb:31,192.168.10.3,61736,192.168.10.1,53,17,0.000567,2,1,1,202,93,109,1763.668457,CON,0.000567
b8:ac:6f:1d:1f:6c,18:66:da:9b:e3:7d,192.168.10.9,57557,192.168.10.3,53,17,0.000565,4,2,2,486,152,334,5309.734375,CON,0.000565
18:66:da:9b:e3:7d,00:c1:b1:14:eb:31,192.168.10.3,62157,192.168.10.1,53,17,0.000372,2,1,1,202,93,109,2688.171875,CON,0.000372
b8:ac:6f:1d:1f:6c,18:66:da:9b:e3:7d,192.168.10.9,59479,192.168.10.3,53,17,0.000183,4,2,2,360,164,196,16393.443359,CON,0.000183
b8:ac:6f:1d:1f:6c,00:c1:b1:14:eb:31,192.168.10.9,62917,72.21.91.113,80,6,0.023808,2,1,1,126,60,66,42.002686,sSE,0.023808
b8:ac:6f:36:0a:8b,00:c1:b1:14:eb:31,192.168.10.5,51860,169.54.182.108,443,6,0.051633,2,1,1,126,60,66,19.367458,sSE,0.051633
b8:ac:6f:1d:1f:6c,00:c1:b1:14:eb:31,192.168.10.9,62708,23.15.4.11,80,6,0.278500,3,2,1,801,499,302,7.181329,sSE,0.278500
b8:ac:6f:1d:1f:6c,18:66:da:9b:e3:7d,192.168.10.9,56476,192.168.10.3,53,17,0.031214,4,2,2,560,166,394,96.110718,CON,0.031214
18:66:da:9b:e3:7d,00:c1:b1:14:eb:31,192.168.10.3,61885,192.168.10.1,53,17,0.030940,2,1,1,214,91,123,32.320621,CON,0.030940
b8:ac:6f:1d:1f:6c,00:c1:b1:14:eb:31,192.168.10.9,63093,173.222.140.253,443,6,0.023191,2,1,1,126,60,66,43.120178,sSE,0.023191
b8:ac:6f:1d:1f:6c,00:c1:b1:14:eb:31,192.168.10.9,62909,50.31.164.173,443,6,0.035626,2,1,1,120,60,60,28.069386,sSE,0.035626
b8:ac:6f:1d:1f:6c,18:66:da:9b:e3:7d,192.168.10.9,63398,192.168.10.3,53,17,0.000288,4,2,2,560,166,394,10416.666016,CON,0.000288
b8:ac:6f:1d:1f:6c,18:66:da:9b:e3:7d,192.168.10.9,56179,192.168.10.3,53,17,0.000007,4,2,2,384,160,224,428571.437500,CON,0.000007
b8:ac:6f:1d:1f:6c,00:c1:b1:14:eb:31,192.168.10.9,63039,198.54.12.145,80,6,0.000000,4,1,3,452,60,392,0.000000,sSE,0.000000
b8:ac:6f:1d:1f:6c,00:c1:b1:14:eb:31,192.168.10.9,63045,198.54.12.145,80,6,0.000000,4,1,3,474,60,414,0.000000,sSE,0.000000
b8:ac:6f:1d:1f:6c,00:c1:b1:14:eb:31,192.168.10.9,63038,198.54.12.145,80,6,0.000000,4,1,3,452,60,392,0.000000,sSE,0.000000
b8:ac:6f:1d:1f:6c,00:c1:b1:14:eb:31,192.168.10.9,63040,198.54.12.145,80,6,0.000000,4,1,3,478,60,418,0.000000,sSE,0.000000
b8:ac:6f:1d:1f:6c,00:c1:b1:14:eb:31,192.168.10.9,63054,72.21.81.64,443,6,2.603813,23,12,11,3950,824,3126,8.449147,sSE,2.603813
00:23:ae:9b:ad:b3,00:c1:b1:14:eb:31,192.168.10.19,123,91.189.91.157,123,17,0.036667,2,1,1,180,90,90,27.272478,CON,0.036667
b8:ac:6f:1d:1f:6c,00:c1:b1:14:eb:31,192.168.10.9,63094,52.5.125.80,443,6,0.050879,2,1,1,126,60,66,19.654474,sSE,0.050879
b8:ac:6f:36:04:e3,00:23:ae:9b:95:67,192.168.10.12,,192.168.10.17,,2054,0.000008,4,2,2,240,120,120,375000.000000,CON,0.000008
b8:ac:6f:1d:1f:6c,00:c1:b1:14:eb:31,192.168.10.9,63070,199.233.57.18,80,6,0.277368,3,2,1,1839,827,1012,7.210637,sSE,0.277368
b8:ac:6f:1d:1f:6c,00:c1:b1:14:eb:31,192.168.10.9,63189,54.197.253.149,80,6,2.821944,12,6,6,2096,746,1350,3.898022,sSEfF,2.821944
b8:ac:6f:1d:1f:6c,00:c1:b1:14:eb:31,192.168.10.9,63072,52.3.119.216,80,6,0.775476,6,4,2,3521,1623,1898,6.447653,sSE,0.775476
b8:ac:6f:1d:1f:6c,00:c1:b1:14:eb:31,192.168.10.9,62875,172.217.10.130,80,6,0.274372,3,2,1,1457,617,840,7.289373,sSE,0.274372
b8:ac:6f:1d:1f:6c,00:c1:b1:14:eb:31,192.168.10.9,63106,23.194.180.169,80,6,0.373506,4,2,2,1087,495,592,8.032000,sSE,0.373506
b8:ac:6f:1d:1f:6c,18:66:da:9b:e3:7d,192.168.10.9,61321,192.168.10.3,53,17,0.031168,4,2,2,616,152,464,96.252563,CON,0.031168
18:66:da:9b:e3:7d,00:c1:b1:14:eb:31,192.168.10.3,61916,192.168.10.1,53,17,0.030886,2,1,1,316,94,222,32.377129,CON,0.030886
b8:ac:6f:1d:1f:6c,00:c1:b1:14:eb:31,192.168.10.9,63084,172.217.10.6,443,6,0.172823,15,5,10,9151,502,8649,81.007736,sSE,0.172823
b8:ac:6f:1d:1f:6c,00:c1:b1:14:eb:31,192.168.10.9,63190,54.197.253.149,80,6,2.776207,7,4,3,432,246,186,2.161222,sSEf,2.776207
b8:ac:6f:1d:1f:6c,18:66:da:9b:e3:7d,192.168.10.9,51594,192.168.10.3,53,17,0.000204,4,2,2,588,166,422,14705.882812,CON,0.000204
b8:ac:6f:1d:1f:6c,00:c1:b1:14:eb:31,192.168.10.9,63098,104.97.73.166,443,6,0.023306,2,1,1,126,60,66,42.907406,sSE,0.023306
b8:ac:6f:1d:1f:6c,00:c1:b1:14:eb:31,192.168.10.9,62912,23.61.187.27,80,6,0.036857,2,1,1,126,60,66,27.131887,sSE,0.036857
b8:ac:6f:1d:1f:6c,00:c1:b1:14:eb:31,192.168.10.9,62911,23.61.187.27,80,6,2.542557,6,3,3,366,180,186,1.966524,sSEfF,2.542557
b8:ac:6f:1d:1f:6c,18:66:da:9b:e3:7d,192.168.10.9,52436,192.168.10.3,53,17,0.000007,4,2,2,486,152,334,428571.437500,CON,0.000007
b8:ac:6f:1d:1f:6c,18:66:da:9b:e3:7d,192.168.10.9,56382,192.168.10.3,53,17,0.000175,4,2,2,486,152,334,17142.857422,CON,0.000175
b8:ac:6f:1d:1f:6c,18:66:da:9b:e3:7d,192.168.10.9,55112,192.168.10.3,53,17,0.000150,4,2,2,360,164,196,20000.000000,CON,0.000150
b8:ac:6f:1d:1f:6c,00:c1:b1:14:eb:31,192.168.10.9,63191,54.164.201.153,80,6,0.391534,8,5,3,1935,655,1280,17.878397,sSE,0.391534
b8:ac:6f:1d:1f:6c,00:c1:b1:14:eb:31,192.168.10.9,63192,54.164.201.153,80,6,0.050758,3,2,1,192,126,66,39.402657,sSE,0.050758
b8:ac:6f:1d:1f:6c,00:c1:b1:14:eb:31,192.168.10.9,62929,151.101.208.166,80,6,0.023253,2,1,1,126,60,66,43.005203,sSE,0.023253
b8:ac:6f:1d:1f:6c,00:c1:b1:14:eb:31,192.168.10.9,62884,23.61.187.27,80,6,2.369538,9,5,4,3345,1148,2197,3.376185,sSE,2.369538
b8:ac:6f:1d:1f:6c,00:c1:b1:14:eb:31,192.168.10.9,62935,23.194.140.15,443,6,0.023031,2,1,1,126,60,66,43.419739,sSE,0.023031
b8:ac:6f:1d:1f:6c,00:c1:b1:14:eb:31,192.168.10.9,62923,52.84.145.67,443,6,0.021968,2,1,1,126,60,66,45.520760,sSE,0.021968
b8:ac:6f:1d:1f:6c,00:c1:b1:14:eb:31,192.168.10.9,62698,172.217.11.8,80,6,0.036503,2,1,1,126,60,66,27.395010,sSE,0.036503
b8:ac:6f:1d:1f:6c,00:c1:b1:14:eb:31,192.168.10.9,62703,104.88.108.223,80,6,0.022969,2,1,1,126,60,66,43.536942,sSE,0.022969
b8:ac:6f:1d:1f:6c,00:c1:b1:14:eb:31,192.168.10.9,62705,54.192.38.6,80,6,0.031161,2,1,1,126,60,66,32.091396,sSE,0.031161
b8:ac:6f:1d:1f:6c,00:c1:b1:14:eb:31,192.168.10.9,62700,54.192.36.71,80,6,0.031138,2,1,1,126,60,66,32.115101,sSE,0.031138
b8:ac:6f:1d:1f:6c,00:c1:b1:14:eb:31,192.168.10.9,62699,172.217.9.226,80,6,0.037022,2,1,1,126,60,66,27.010967,sSE,0.037022
b8:ac:6f:1d:1f:6c,00:c1:b1:14:eb:31,192.168.10.9,63193,172.217.12.202,443,6,0.198375,38,16,22,22604,1684,20920,186.515442,sSE,0.198375
b8:ac:6f:1d:1f:6c,00:c1:b1:14:eb:31,192.168.10.9,63063,54.228.237.62,443,6,0.102930,2,1,1,126,60,66,9.715341,sSE,0.102930
b8:ac:6f:36:04:e3,00:c1:b1:14:eb:31,192.168.10.12,50622,92.45.106.166,80,6,0.148555,2,1,1,120,60,60,6.731514,sSE,0.148555
b8:ac:6f:1d:1f:6c,00:c1:b1:14:eb:31,192.168.10.9,62942,34.230.154.9,443,6,0.050617,4,2,2,265,120,145,59.268627,sSEfF,0.050617
b8:ac:6f:1d:1f:6c,00:c1:b1:14:eb:31,192.168.10.9,62940,34.230.154.9,443,6,0.050568,4,2,2,265,120,145,59.326057,sSEfF,0.050568
00:23:ae:9b:8a:bf,00:c1:b1:14:eb:31,192.168.10.16,50528,72.21.91.29,80,6,0.023788,2,1,1,132,66,66,42.038002,sSE,0.023788
b8:ac:6f:1d:1f:6c,00:c1:b1:14:eb:31,192.168.10.9,63110,172.217.10.142,80,6,0.036815,2,1,1,126,60,66,27.162842,sSE,0.036815
b8:ac:6f:1d:1f:6c,00:c1:b1:14:eb:31,192.168.10.9,62802,172.217.9.226,80,6,3.990736,20,10,10,10731,2674,8057,4.761026,sSE,3.990736
b8:ac:6f:1d:1f:6c,18:66:da:9b:e3:7d,192.168.10.9,55131,192.168.10.3,53,17,0.030979,4,2,2,416,192,224,96.839798,CON,0.030979
18:66:da:9b:e3:7d,00:c1:b1:14:eb:31,192.168.10.3,60174,192.168.10.1,53,17,0.030718,2,1,1,230,107,123,32.554203,CON,0.030718
b8:ac:6f:1d:1f:6c,00:c1:b1:14:eb:31,192.168.10.9,62770,172.217.12.202,80,6,0.368552,68,26,42,60197,1859,58338,181.792526,sSE,0.368552
b8:ac:6f:1d:1f:6c,00:c1:b1:14:eb:31,192.168.10.9,63025,172.217.9.226,80,6,0.306801,6,3,3,1688,636,1052,16.297209,sSE,0.306801
b8:ac:6f:1d:1f:6c,00:c1:b1:14:eb:31,192.168.10.9,63026,172.217.9.226,80,6,0.259532,4,2,2,1230,674,556,11.559268,sSE,0.259532
b8:ac:6f:36:0a:8b,01:00:5e:7f:ff:fa,192.168.10.5,60053,239.255.255.250,1900,17,3.001983,104,104,0,22464,22464,0,34.310654,INT,3.001983
b8:ac:6f:1d:1f:6c,00:c1:b1:14:eb:31,192.168.10.9,63194,172.217.10.138,80,6,0.369665,9,5,4,1325,773,552,21.641216,sSE,0.369665
b8:ac:6f:1d:1f:6c,18:66:da:9b:e3:7d,192.168.10.9,62562,192.168.10.3,53,17,0.000163,4,2,2,416,192,224,18404.908203,CON,0.000163
b8:ac:6f:1d:1f:6c,18:66:da:9b:e3:7d,192.168.10.9,63745,192.168.10.3,53,17,0.000151,4,2,2,416,192,224,19867.548828,CON,0.000151
b8:ac:6f:1d:1f:6c,18:66:da:9b:e3:7d,192.168.10.9,55357,192.168.10.3,53,17,0.049768,4,2,2,440,192,248,60.279697,CON,0.049768
18:66:da:9b:e3:7d,00:c1:b1:14:eb:31,192.168.10.3,61090,192.168.10.1,53,17,0.049409,2,1,1,242,107,135,20.239229,CON,0.049409
b8:ac:6f:1d:1f:6c,00:c1:b1:14:eb:31,192.168.10.9,63195,172.217.10.138,80,6,0.036727,3,2,1,192,126,66,54.455849,sSE,0.036727
18:66:da:9b:e3:7d,00:c1:b1:14:eb:31,192.168.10.3,61897,192.168.10.1,53,17,0.291673,2,1,1,160,80,80,3.428497,CON,0.291673
18:66:da:9b:e3:7d,00:c1:b1:14:eb:31,192.168.10.3,60860,192.168.10.1,53,17,0.412763,2,1,1,160,80,80,2.422698,CON,0.412763
b8:ac:6f:1d:1f:6c,00:c1:b1:14:eb:31,192.168.10.9,62709,23.21.83.14,80,6,0.050462,2,1,1,120,60,60,19.816893,sSE,0.050462
18:66:da:9b:e3:7d,b8:ac:6f:36:0b:a8,192.168.10.3,,192.168.10.51,,2054,0.000009,4,2,2,240,120,120,333333.312500,CON,0.000009
b8:ac:6f:1d:1f:6c,18:66:da:9b:e3:7d,192.168.10.9,58366,192.168.10.3,53,17,0.050308,4,2,2,812,150,662,59.632664,CON,0.050308
18:66:da:9b:e3:7d,00:c1:b1:14:eb:31,192.168.10.3,61981,192.168.10.1,53,17,0.049943,2,1,1,428,86,342,20.022825,CON,0.049943
b8:ac:6f:1d:1f:6c,00:c1:b1:14:eb:31,192.168.10.9,62786,172.217.6.238,443,6,0.833969,37,14,23,18185,2374,15811,43.167072,sSE,0.833969
b8:ac:6f:1d:1f:6c,18:66:da:9b:e3:7d,192.168.10.9,56796,192.168.10.3,53,17,0.000192,4,2,2,400,150,250,15624.999023,CON,0.000192
b8:ac:6f:1d:1f:6c,18:66:da:9b:e3:7d,192.168.10.9,51153,192.168.10.3,53,17,0.000168,4,2,2,364,166,198,17857.142578,CON,0.000168
b8:ac:6f:1d:1f:6c,18:66:da:9b:e3:7d,192.168.10.9,63085,192.168.10.3,53,17,0.030686,4,2,2,388,166,222,97.764450,CON,0.030686
18:66:da:9b:e3:7d,00:c1:b1:14:eb:31,192.168.10.3,62523,192.168.10.1,53,17,0.030311,2,1,1,216,94,122,32.991325,CON,0.030311
b8:ac:6f:1d:1f:6c,00:c1:b1:14:eb:31,192.168.10.9,63196,216.58.212.131,443,6,0.516179,28,13,15,7363,1642,5721,52.307434,sSE,0.516179
b8:ac:6f:1d:1f:6c,18:66:da:9b:e3:7d,192.168.10.9,51881,192.168.10.3,53,17,0.000245,4,2,2,812,150,662,12244.897461,CON,0.000245
b8:ac:6f:1d:1f:6c,18:66:da:9b:e3:7d,192.168.10.9,63411,192.168.10.3,53,17,0.050073,4,2,2,356,150,206,59.912525,CON,0.050073
18:66:da:9b:e3:7d,00:c1:b1:14:eb:31,192.168.10.3,60500,192.168.10.1,53,17,0.049698,2,1,1,200,86,114,20.121534,CON,0.049698
b8:ac:6f:1d:1f:6c,00:c1:b1:14:eb:31,192.168.10.9,62825,151.101.45.108,80,6,0.032476,2,1,1,126,60,66,30.791969,sSE,0.032476
b8:ac:6f:1d:1f:6c,18:66:da:9b:e3:7d,192.168.10.9,52949,192.168.10.3,53,17,0.050006,4,2,2,380,142,238,59.992802,CON,0.050006
18:66:da:9b:e3:7d,00:c1:b1:14:eb:31,192.168.10.3,61475,192.168.10.1,53,17,0.049619,2,1,1,200,92,108,20.153570,CON,0.049619
b8:ac:6f:1d:1f:6c,00:c1:b1:14:eb:31,192.168.10.9,63197,216.58.212.131,443,6,0.523614,33,16,17,7721,1881,5840,61.113724,sSEfF,0.523614
b8:ac:6f:1d:1f:6c,18:66:da:9b:e3:7d,192.168.10.9,52422,192.168.10.3,53,17,0.050796,4,2,2,458,164,294,59.059769,CON,0.050796
18:66:da:9b:e3:7d,00:c1:b1:14:eb:31,192.168.10.3,61330,192.168.10.1,53,17,0.050612,2,1,1,228,106,122,19.758160,CON,0.050612
b8:ac:6f:36:07:ee,33:33:00:01:00:02,fe80::3c60:fc97:3f94:ac8f,546,ff02::1:2,547,17,0.000096,26,26,0,4290,4290,0,260416.656250,REQ,0.000096
b8:ac:6f:1d:1f:6c,00:c1:b1:14:eb:31,192.168.10.9,63198,216.58.212.131,443,6,0.252335,6,4,2,372,246,126,19.814928,sSEf,0.252335
b8:ac:6f:1d:1f:6c,18:66:da:9b:e3:7d,192.168.10.9,56720,192.168.10.3,53,17,0.000159,4,2,2,356,162,194,18867.923828,CON,0.000159
b8:ac:6f:1d:1f:6c,18:66:da:9b:e3:7d,192.168.10.9,53489,192.168.10.3,53,17,0.030639,4,2,2,380,162,218,97.914421,CON,0.030639
18:66:da:9b:e3:7d,00:c1:b1:14:eb:31,192.168.10.3,61546,192.168.10.1,53,17,0.030459,2,1,1,212,92,120,32.831020,CON,0.030459
b8:ac:6f:1d:1f:6c,18:66:da:9b:e3:7d,192.168.10.9,60829,192.168.10.3,53,17,0.000180,4,2,2,412,190,222,16666.666016,CON,0.000180
b8:ac:6f:1d:1f:6c,18:66:da:9b:e3:7d,192.168.10.9,63943,192.168.10.3,53,17,0.030642,4,2,2,436,190,246,97.904839,CON,0.030642
18:66:da:9b:e3:7d,00:c1:b1:14:eb:31,192.168.10.3,61369,192.168.10.1,53,17,0.030285,2,1,1,240,106,134,33.019646,CON,0.030285
b8:ac:6f:1d:1f:6c,00:c1:b1:14:eb:31,192.168.10.9,63101,172.217.7.14,443,6,0.211960,7,3,4,1891,540,1351,28.307228,sSE,0.211960
b8:ac:6f:36:04:e3,00:c1:b1:14:eb:31,192.168.10.12,34980,92.45.106.102,80,6,0.149612,2,1,1,120,60,60,6.683956,sSE,0.149612
b8:ac:6f:36:04:e3,00:c1:b1:14:eb:31,192.168.10.12,49390,172.217.12.202,80,6,0.036256,2,1,1,132,66,66,27.581642,sSE,0.036256
00:1e:4f:d4:ca:28,00:c1:b1:14:eb:31,192.168.10.15,50036,204.79.197.200,80,6,0.000000,1,0,1,60,0,60,0.000000,sSER,0.000000
b8:ac:6f:1d:1f:6c,00:c1:b1:14:eb:31,192.168.10.9,62713,23.194.182.6,80,6,0.022993,2,1,1,126,60,66,43.491497,sSE,0.022993
b8:ac:6f:1d:1f:6c,00:c1:b1:14:eb:31,192.168.10.9,62625,172.217.10.130,443,6,0.731692,12,6,6,1195,649,546,15.033648,sSE,0.731692
b8:ac:6f:1d:1f:6c,00:c1:b1:14:eb:31,192.168.10.9,62605,157.240.2.25,443,6,0.138637,4,2,2,366,166,200,21.639244,sSE,0.138637
b8:ac:6f:1d:1f:6c,00:c1:b1:14:eb:31,192.168.10.9,62607,157.240.2.35,443,6,1.774128,12,6,6,1847,892,955,6.200229,sSE,1.774128
00:1e:4f:d4:ca:28,00:c1:b1:14:eb:31,192.168.10.15,50011,23.208.163.130,443,6,0.022978,2,1,1,126,60,66,43.519890,sSE,0.022978
b8:ac:6f:1d:1f:6c,18:66:da:9b:e3:7d,192.168.10.9,60043,192.168.10.3,53,17,0.000232,4,2,2,426,174,252,12931.034180,CON,0.000232
b8:ac:6f:1d:1f:6c,18:66:da:9b:e3:7d,192.168.10.9,63467,192.168.10.3,53,17,0.000209,4,2,2,486,174,312,14354.066406,CON,0.000209
b8:ac:6f:1d:1f:6c,00:c1:b1:14:eb:31,192.168.10.9,62610,172.217.9.226,443,6,0.133273,7,3,4,1295,474,821,45.020370,sSE,0.133273
b8:ac:6f:1d:1f:6c,00:c1:b1:14:eb:31,192.168.10.9,62611,172.217.10.132,443,6,0.134032,11,4,7,6172,543,5629,74.609047,sSE,0.134032
b8:ac:6f:1d:1f:6c,00:c1:b1:14:eb:31,192.168.10.9,63199,172.217.12.166,443,6,0.261689,24,11,13,6783,1641,5142,87.890587,sSE,0.261689
b8:ac:6f:1d:1f:6c,00:c1:b1:14:eb:31,192.168.10.9,63200,173.194.131.75,443,6,0.641313,1742,660,1082,1636771,41024,1595747,2714.742920,sSEfFR,0.641313
b8:ac:6f:1d:1f:6c,00:c1:b1:14:eb:31,192.168.10.9,63201,172.217.12.166,443,6,0.221470,21,10,11,5957,1108,4849,90.305687,sSER,0.221470
b8:ac:6f:1d:1f:6c,00:c1:b1:14:eb:31,192.168.10.9,63202,173.194.131.75,443,6,0.112319,8,4,4,1189,802,387,62.322491,sSE,0.112319
b8:ac:6f:36:04:e3,00:c1:b1:14:eb:31,192.168.10.12,34974,92.45.106.102,80,6,0.148095,2,1,1,120,60,60,6.752423,sSE,0.148095
b8:ac:6f:36:04:e3,00:c1:b1:14:eb:31,192.168.10.12,34990,92.45.106.102,80,6,0.153820,2,1,1,120,60,60,6.501105,sSE,0.153820
b8:ac:6f:36:04:e3,00:c1:b1:14:eb:31,192.168.10.12,34986,92.45.106.102,80,6,0.148087,2,1,1,120,60,60,6.752788,sSE,0.148087
00:23:ae:9b:95:67,00:c1:b1:14:eb:31,192.168.10.17,123,138.68.46.177,123,17,0.092400,2,1,1,180,90,90,10.822511,CON,0.092400
b8:ac:6f:1d:1f:6c,00:c1:b1:14:eb:31,192.168.10.9,62961,23.23.175.171,80,6,0.124678,6,3,3,366,180,186,40.103306,sSEfF,0.124678
b8:ac:6f:1d:1f:6c,00:c1:b1:14:eb:31,192.168.10.9,62963,54.225.151.241,80,6,0.174675,6,3,3,366,180,186,28.624588,sSEfF,0.174675
b8:ac:6f:1d:1f:6c,00:c1:b1:14:eb:31,192.168.10.9,62743,23.15.4.10,80,6,0.015401,2,1,1,126,60,66,64.930847,sSE,0.015401
b8:ac:6f:36:04:e3,00:c1:b1:14:eb:31,192.168.10.12,57772,104.80.89.49,80,6,0.077224,2,1,1,132,66,66,12.949342,sSE,0.077224
b8:ac:6f:36:04:e3,00:c1:b1:14:eb:31,192.168.10.12,52854,172.217.9.226,80,6,0.037137,2,1,1,132,66,66,26.927322,sSE,0.037137
b8:ac:6f:36:04:e3,00:c1:b1:14:eb:31,192.168.10.12,48240,104.19.194.102,80,6,0.015188,2,1,1,120,60,60,65.841454,sSE,0.015188
b8:ac:6f:36:04:e3,00:c1:b1:14:eb:31,192.168.10.12,34988,92.45.106.102,80,6,0.153735,2,1,1,120,60,60,6.504700,sSE,0.153735
b8:ac:6f:1d:1f:6c,00:c1:b1:14:eb:31,192.168.10.9,62624,172.217.12.198,443,6,0.136980,7,3,4,822,329,493,43.802017,sSE,0.136980
b8:ac:6f:1d:1f:6c,00:c1:b1:14:eb:31,192.168.10.9,62949,38.71.5.33,443,6,0.086185,2,1,1,120,60,60,11.602947,sSE,0.086185
b8:ac:6f:1d:1f:6c,00:c1:b1:14:eb:31,192.168.10.9,62947,38.71.5.33,443,6,0.085664,2,1,1,120,60,60,11.673515,sSE,0.085664
b8:ac:6f:1d:1f:6c,00:c1:b1:14:eb:31,192.168.10.9,62589,172.217.9.226,443,6,3.110632,15,6,9,2771,1865,906,4.500693,sSE,3.110632
b8:ac:6f:1d:1f:6c,00:c1:b1:14:eb:31,192.168.10.9,62811,172.217.6.193,80,6,0.940078,8,4,4,5482,970,4512,7.446190,sSE,0.940078
b8:ac:6f:1d:1f:6c,00:c1:b1:14:eb:31,192.168.10.9,62975,52.84.145.117,80,6,0.022691,2,1,1,126,60,66,44.070335,sSE,0.022691
b8:ac:6f:1d:1f:6c,00:c1:b1:14:eb:31,192.168.10.9,62950,38.71.5.33,443,6,0.086139,2,1,1,120,60,60,11.609143,sSE,0.086139
b8:ac:6f:1d:1f:6c,00:c1:b1:14:eb:31,192.168.10.9,62945,38.71.5.33,443,6,0.086141,2,1,1,120,60,60,11.608874,sSE,0.086141
b8:ac:6f:1d:1f:6c,00:c1:b1:14:eb:31,192.168.10.9,62972,52.0.178.86,80,6,0.535311,6,3,3,366,180,186,9.340365,sSEfF,0.535311
b8:ac:6f:1d:1f:6c,00:c1:b1:14:eb:31,192.168.10.9,62974,23.63.152.219,80,6,0.038809,2,1,1,126,60,66,25.767218,sSE,0.038809
b8:ac:6f:1d:1f:6c,00:c1:b1:14:eb:31,192.168.10.9,62962,69.164.0.128,443,6,0.028387,2,1,1,120,60,60,35.227390,sSE,0.028387
b8:ac:6f:1d:1f:6c,00:c1:b1:14:eb:31,192.168.10.9,63091,198.54.12.145,443,6,0.059276,2,1,1,120,60,60,16.870234,sSE,0.059276
