SrcMac,DstMac,SrcAddr,Sport,DstAddr,Dport,Proto,Mean,TotPkts,SrcPkts,DstPkts,TotBytes,SrcBytes,DstBytes,Rate,State,Dur
b8:ac:6f:36:07:ee,00:c1:b1:14:eb:31,192.168.10.14,50766,52.84.140.151,443,6,4.670570,7,4,3,451,265,186,1.284640,sSEfF,4.670570
b8:ac:6f:36:07:ee,00:c1:b1:14:eb:31,192.168.10.14,50770,23.36.34.44,443,6,4.191906,8,4,4,536,265,271,1.669885,sSEfR,4.191906
b8:ac:6f:1d:1f:6c,00:c1:b1:14:eb:31,192.168.10.9,1557,94.31.29.254,80,6,4.102332,12,6,6,3392,656,2736,2.681402,sSEfF,4.102332
b8:ac:6f:1d:1f:6c,00:c1:b1:14:eb:31,192.168.10.9,1567,172.217.10.226,443,6,4.446830,36,17,19,5843,2605,3238,7.870776,sSE,4.446830
b8:ac:6f:1d:1f:6c,00:c1:b1:14:eb:31,192.168.10.9,1576,184.31.204.220,80,6,4.151806,21,10,11,6226,3585,2641,4.817181,sSE,4.151806
b8:ac:6f:1d:1f:6c,00:c1:b1:14:eb:31,192.168.10.9,1577,184.31.204.220,80,6,4.155409,42,22,20,16170,9349,6821,9.866658,sSE,4.155409
b8:ac:6f:36:07:ee,00:c1:b1:14:eb:31,192.168.10.14,50776,23.52.153.87,443,6,4.197068,8,4,4,536,265,271,1.667831,sSEfR,4.197068
b8:ac:6f:1d:1f:6c,00:c1:b1:14:eb:31,192.168.10.9,1582,35.186.184.153,443,6,1.610160,22,12,10,10300,2920,7380,13.042182,sSE,1.610160
b8:ac:6f:1d:1f:6c,00:c1:b1:14:eb:31,192.168.10.9,1584,129.146.12.96,80,6,3.810663,19,11,8,8630,4499,4131,4.723588,sSE,3.810663
b8:ac:6f:1d:1f:6c,00:c1:b1:14:eb:31,192.168.10.9,1589,178.255.83.1,80,6,3.195385,9,5,4,564,312,252,2.503611,sSEf,3.195385
b8:ac:6f:1d:1f:6c,00:c1:b1:14:eb:31,192.168.10.9,1597,68.67.180.12,80,6,1.159579,10,6,4,3880,1846,2034,7.761437,sSE,1.159579
b8:ac:6f:36:07:ee,00:c1:b1:14:eb:31,192.168.10.14,50774,23.52.153.87,443,6,3.696770,8,4,4,536,265,271,1.893545,sSEfR,3.696770
b8:ac:6f:36:07:ee,00:c1:b1:14:eb:31,192.168.10.14,50775,23.52.153.87,443,6,3.696862,8,4,4,536,265,271,1.893498,sSEfFR,3.696862
b8:ac:6f:1d:1f:6c,00:c1:b1:14:eb:31,192.168.10.9,1598,68.67.180.12,80,6,3.142271,14,8,6,6105,1919,4186,4.137135,sSE,3.142271
00:23:ae:9b:8a:bf,00:c1:b1:14:eb:31,192.168.10.16,57426,52.22.113.46,443,6,1.264058,21,11,10,10548,2156,8392,15.822059,sSE,1.264058
b8:ac:6f:1d:1f:6c,00:c1:b1:14:eb:31,192.168.10.9,1602,184.173.146.236,443,6,0.448269,13,7,6,5393,1154,4239,26.769640,sSE,0.448269
b8:ac:6f:1d:1f:6c,00:c1:b1:14:eb:31,192.168.10.9,1605,108.168.255.75,80,6,3.272449,10,5,5,1518,928,590,2.750234,sSEfF,3.272449
b8:ac:6f:36:07:ee,00:c1:b1:14:eb:31,192.168.10.14,50781,162.248.16.50,443,6,4.165516,7,4,3,451,271,180,1.440398,sSEfF,4.165516
b8:ac:6f:1d:1f:6c,18:66:da:9b:e3:7d,192.168.10.9,59489,192.168.10.3,53,17,0.253777,4,2,2,526,158,368,11.821403,CON,0.253777
18:66:da:9b:e3:7d,00:c1:b1:14:eb:31,192.168.10.3,62259,192.168.10.1,53,17,0.253305,2,1,1,285,90,195,3.947810,CON,0.253305
b8:ac:6f:1d:1f:6c,00:c1:b1:14:eb:31,192.168.10.9,1612,141.170.25.54,80,6,0.330960,10,5,5,1475,640,835,27.193619,sSEfF,0.330960
b8:ac:6f:1d:1f:6c,00:c1:b1:14:eb:31,192.168.10.9,1614,52.27.10.213,80,6,0.499203,9,5,4,2709,941,1768,16.025545,sSE,0.499203
b8:ac:6f:1d:1f:6c,00:c1:b1:14:eb:31,192.168.10.9,1615,50.116.194.23,80,6,0.307493,7,4,3,2009,755,1254,19.512640,sSE,0.307493
b8:ac:6f:1d:1f:6c,00:c1:b1:14:eb:31,192.168.10.9,1616,50.116.194.23,80,6,5.087275,4,3,1,248,186,62,0.589707,sSEf,5.087275
b8:ac:6f:1d:1f:6c,00:c1:b1:14:eb:31,192.168.10.9,1617,52.17.89.12,80,6,0.896637,13,7,6,6187,3477,2710,13.383342,sSE,0.896637
b8:ac:6f:1d:1f:6c,00:c1:b1:14:eb:31,192.168.10.9,1619,52.9.58.244,80,6,0.471228,9,5,4,1214,640,574,16.976919,sSE,0.471228
b8:ac:6f:1d:1f:6c,00:c1:b1:14:eb:31,192.168.10.9,1621,52.49.239.148,80,6,0.341387,10,5,5,1186,650,536,26.363043,sSEfF,0.341387
b8:ac:6f:1d:1f:6c,00:c1:b1:14:eb:31,192.168.10.9,1622,54.209.32.107,80,6,0.350293,8,4,4,3468,842,2626,19.983271,sSE,0.350293
b8:ac:6f:1d:1f:6c,00:c1:b1:14:eb:31,192.168.10.9,1623,54.209.32.107,80,6,0.257983,8,4,4,2260,816,1444,27.133572,sSE,0.257983
b8:ac:6f:1d:1f:6c,00:c1:b1:14:eb:31,192.168.10.9,1624,34.206.104.106,80,6,3.211116,19,10,9,9032,3138,5894,5.605528,sSE,3.211116
00:23:ae:9b:8a:bf,00:c1:b1:14:eb:31,192.168.10.16,44396,185.86.139.59,443,6,0.112113,2,1,1,132,66,66,8.919572,sSE,0.112113
b8:ac:6f:1d:1f:6c,00:c1:b1:14:eb:31,192.168.10.9,1626,198.51.152.184,80,6,3.696656,11,6,5,3680,1549,2131,2.705148,sSE,3.696656
b8:ac:6f:1d:1f:6c,00:c1:b1:14:eb:31,192.168.10.9,1627,184.169.175.8,443,6,0.780586,14,8,6,5177,1638,3539,16.654154,sSE,0.780586
b8:ac:6f:1d:1f:6c,18:66:da:9b:e3:7d,192.168.10.9,54848,192.168.10.3,53,17,0.023812,4,2,2,662,250,412,125.986900,CON,0.023812
18:66:da:9b:e3:7d,00:c1:b1:14:eb:31,192.168.10.3,61216,192.168.10.1,53,17,0.023547,2,1,1,353,136,217,42.468258,CON,0.023547
b8:ac:6f:1d:1f:6c,18:66:da:9b:e3:7d,192.168.10.9,61965,192.168.10.3,53,17,0.067400,4,2,2,448,174,274,44.510384,CON,0.067400
18:66:da:9b:e3:7d,00:c1:b1:14:eb:31,192.168.10.3,60418,192.168.10.1,53,17,0.066943,2,1,1,246,98,148,14.938083,CON,0.066943
b8:ac:6f:1d:1f:6c,18:66:da:9b:e3:7d,192.168.10.9,53522,192.168.10.3,53,17,0.048449,4,2,2,470,172,298,61.920784,CON,0.048449
18:66:da:9b:e3:7d,00:c1:b1:14:eb:31,192.168.10.3,62091,192.168.10.1,53,17,0.047989,2,1,1,257,97,160,20.838108,CON,0.047989
b8:ac:6f:1d:1f:6c,18:66:da:9b:e3:7d,192.168.10.9,63651,192.168.10.3,53,17,0.023395,4,2,2,402,172,230,128.232529,CON,0.023395
18:66:da:9b:e3:7d,00:c1:b1:14:eb:31,192.168.10.3,62401,192.168.10.1,53,17,0.023174,2,1,1,223,97,126,43.151806,CON,0.023174
b8:ac:6f:1d:1f:6c,00:c1:b1:14:eb:31,192.168.10.9,1628,52.17.89.12,80,6,0.553711,9,5,4,3254,1842,1412,14.447970,sSE,0.553711
b8:ac:6f:1d:1f:6c,00:c1:b1:14:eb:31,192.168.10.9,1629,52.17.89.12,80,6,0.401666,7,4,3,1898,1124,774,14.937784,sSE,0.401666
b8:ac:6f:1d:1f:6c,18:66:da:9b:e3:7d,192.168.10.9,56324,192.168.10.3,53,17,0.047592,4,2,2,408,172,236,63.035805,CON,0.047592
18:66:da:9b:e3:7d,00:c1:b1:14:eb:31,192.168.10.3,62255,192.168.10.1,53,17,0.047562,2,1,1,226,97,129,21.025188,CON,0.047562
b8:ac:6f:1d:1f:6c,00:c1:b1:14:eb:31,192.168.10.9,1630,52.17.89.12,80,6,0.102719,3,2,1,192,126,66,19.470594,sSE,0.102719
b8:ac:6f:1d:1f:6c,00:c1:b1:14:eb:31,192.168.10.9,1631,52.17.89.12,80,6,0.102704,3,2,1,192,126,66,19.473438,sSE,0.102704
b8:ac:6f:1d:1f:6c,18:66:da:9b:e3:7d,192.168.10.9,49708,192.168.10.3,53,17,0.024148,4,2,2,454,172,282,124.233887,CON,0.024148
b8:ac:6f:1d:1f:6c,18:66:da:9b:e3:7d,192.168.10.9,60747,192.168.10.3,53,17,0.048437,4,2,2,460,174,286,61.936123,CON,0.048437
18:66:da:9b:e3:7d,00:c1:b1:14:eb:31,192.168.10.3,61448,192.168.10.1,53,17,0.023886,2,1,1,249,97,152,41.865528,CON,0.023886
b8:ac:6f:1d:1f:6c,18:66:da:9b:e3:7d,192.168.10.9,63721,192.168.10.3,53,17,0.061272,4,2,2,458,168,290,48.962006,CON,0.061272
18:66:da:9b:e3:7d,00:c1:b1:14:eb:31,192.168.10.3,60082,192.168.10.1,53,17,0.048160,2,1,1,252,98,154,20.764118,CON,0.048160
18:66:da:9b:e3:7d,00:c1:b1:14:eb:31,192.168.10.3,61098,192.168.10.1,53,17,0.061038,2,1,1,251,95,156,16.383238,CON,0.061038
b8:ac:6f:1d:1f:6c,18:66:da:9b:e3:7d,192.168.10.9,63325,192.168.10.3,53,17,0.048716,4,2,2,470,172,298,61.581409,CON,0.048716
18:66:da:9b:e3:7d,00:c1:b1:14:eb:31,192.168.10.3,61326,192.168.10.1,53,17,0.048524,2,1,1,257,97,160,20.608358,CON,0.048524
b8:ac:6f:1d:1f:6c,18:66:da:9b:e3:7d,192.168.10.9,54010,192.168.10.3,53,17,0.048829,4,2,2,454,172,282,61.438900,CON,0.048829
18:66:da:9b:e3:7d,00:c1:b1:14:eb:31,192.168.10.3,62254,192.168.10.1,53,17,0.048411,2,1,1,249,97,152,20.656462,CON,0.048411
b8:ac:6f:1d:1f:6c,18:66:da:9b:e3:7d,192.168.10.9,63358,192.168.10.3,53,17,0.048223,4,2,2,464,170,294,62.210979,CON,0.048223
18:66:da:9b:e3:7d,00:c1:b1:14:eb:31,192.168.10.3,61698,192.168.10.1,53,17,0.047852,2,1,1,254,96,158,20.897768,CON,0.047852
b8:ac:6f:1d:1f:6c,18:66:da:9b:e3:7d,192.168.10.9,52477,192.168.10.3,53,17,0.000274,4,2,2,912,174,738,10948.905273,CON,0.000274
b8:ac:6f:1d:1f:6c,18:66:da:9b:e3:7d,192.168.10.9,49897,192.168.10.3,53,17,0.000012,4,2,2,420,194,226,249999.984375,CON,0.000012
b8:ac:6f:1d:1f:6c,18:66:da:9b:e3:7d,192.168.10.9,50046,192.168.10.3,53,17,0.048473,4,2,2,556,194,362,61.890125,CON,0.048473
18:66:da:9b:e3:7d,00:c1:b1:14:eb:31,192.168.10.3,62064,192.168.10.1,53,17,0.048267,2,1,1,300,108,192,20.718090,CON,0.048267
b8:ac:6f:1d:1f:6c,18:66:da:9b:e3:7d,192.168.10.9,63893,192.168.10.3,53,17,0.048868,4,2,2,458,168,290,61.389866,CON,0.048868
18:66:da:9b:e3:7d,00:c1:b1:14:eb:31,192.168.10.3,61970,192.168.10.1,53,17,0.048462,2,1,1,251,95,156,20.634724,CON,0.048462
b8:ac:6f:1d:1f:6c,18:66:da:9b:e3:7d,192.168.10.9,56838,192.168.10.3,53,17,0.000194,4,2,2,412,142,270,15463.917969,CON,0.000194
b8:ac:6f:1d:1f:6c,00:c1:b1:14:eb:31,192.168.10.9,1632,54.87.215.29,80,6,0.369111,9,5,4,2397,757,1640,21.673697,sSE,0.369111
b8:ac:6f:1d:1f:6c,00:c1:b1:14:eb:31,192.168.10.9,1633,52.9.151.139,80,6,0.466859,9,5,4,1996,656,1340,17.135794,sSE,0.466859
b8:ac:6f:1d:1f:6c,18:66:da:9b:e3:7d,192.168.10.9,54382,192.168.10.3,53,17,0.000073,4,2,2,412,142,270,41095.890625,CON,0.000073
b8:ac:6f:1d:1f:6c,18:66:da:9b:e3:7d,192.168.10.9,64746,192.168.10.3,53,17,0.061316,4,2,2,436,142,294,48.926872,CON,0.061316
18:66:da:9b:e3:7d,00:c1:b1:14:eb:31,192.168.10.3,60947,192.168.10.1,53,17,0.061045,2,1,1,240,82,158,16.381359,CON,0.061045
b8:ac:6f:1d:1f:6c,00:c1:b1:14:eb:31,192.168.10.9,1634,156.154.200.36,80,6,0.107746,10,5,5,1295,656,639,83.529785,sSEfF,0.107746
b8:ac:6f:1d:1f:6c,00:c1:b1:14:eb:31,192.168.10.9,1635,52.17.89.12,80,6,0.104588,3,2,1,192,126,66,19.122652,sSE,0.104588
b8:ac:6f:36:07:ee,00:c1:b1:14:eb:31,192.168.10.14,50782,162.248.16.50,443,6,3.775021,7,4,3,451,271,180,1.589395,sSEfF,3.775021
00:23:ae:9b:8a:bf,00:c1:b1:14:eb:31,192.168.10.16,42768,52.84.143.13,80,6,0.022190,2,1,1,132,66,66,45.065342,sSE,0.022190
b8:ac:6f:1d:1f:6c,18:66:da:9b:e3:7d,192.168.10.9,52969,192.168.10.3,53,17,0.120680,4,2,2,526,156,370,24.859133,CON,0.120680
18:66:da:9b:e3:7d,00:c1:b1:14:eb:31,192.168.10.3,60303,192.168.10.1,53,17,0.120218,2,1,1,285,89,196,8.318222,CON,0.120218
b8:ac:6f:1d:1f:6c,18:66:da:9b:e3:7d,192.168.10.9,55781,192.168.10.3,53,17,0.024138,4,2,2,700,140,560,124.285362,CON,0.024138
18:66:da:9b:e3:7d,00:c1:b1:14:eb:31,192.168.10.3,62109,192.168.10.1,53,17,0.023611,2,1,1,374,123,251,42.353142,CON,0.023611
b8:ac:6f:1d:1f:6c,18:66:da:9b:e3:7d,192.168.10.9,55864,192.168.10.3,53,17,0.095225,4,2,2,504,156,348,31.504332,CON,0.095225
18:66:da:9b:e3:7d,00:c1:b1:14:eb:31,192.168.10.3,60622,192.168.10.1,53,17,0.094794,2,1,1,274,89,185,10.549191,CON,0.094794
b8:ac:6f:1d:1f:6c,00:c1:b1:14:eb:31,192.168.10.9,1636,52.35.43.63,80,6,3.302292,12,7,5,3570,1602,1968,3.331020,sSE,3.302292
b8:ac:6f:1d:1f:6c,00:c1:b1:14:eb:31,192.168.10.9,1637,52.35.43.63,80,6,0.391264,7,4,3,1416,672,744,15.334915,sSE,0.391264
b8:ac:6f:1d:1f:6c,18:66:da:9b:e3:7d,192.168.10.9,60580,192.168.10.3,53,17,0.000215,4,2,2,704,224,480,13953.489258,CON,0.000215
b8:ac:6f:1d:1f:6c,18:66:da:9b:e3:7d,192.168.10.9,52253,192.168.10.3,53,17,0.023972,4,2,2,604,224,380,125.145996,CON,0.023972
18:66:da:9b:e3:7d,00:c1:b1:14:eb:31,192.168.10.3,60424,192.168.10.1,53,17,0.023574,2,1,1,324,123,201,42.419613,CON,0.023574
b8:ac:6f:36:07:ee,00:c1:b1:14:eb:31,192.168.10.14,50700,23.194.181.103,443,6,0.022978,2,1,1,126,60,66,43.519890,sSE,0.022978
b8:ac:6f:1d:1f:6c,00:c1:b1:14:eb:31,192.168.10.9,1638,23.15.4.9,80,6,0.231912,7,4,3,1654,679,975,25.871881,sSE,0.231912
b8:ac:6f:1d:1f:6c,00:c1:b1:14:eb:31,192.168.10.9,1639,23.15.4.9,80,6,0.015330,3,2,1,192,126,66,130.463150,sSE,0.015330
b8:ac:6f:1d:1f:6c,18:66:da:9b:e3:7d,192.168.10.9,55705,192.168.10.3,53,17,0.000176,4,2,2,376,156,220,17045.455078,CON,0.000176
b8:ac:6f:1d:1f:6c,18:66:da:9b:e3:7d,192.168.10.9,50411,192.168.10.3,53,17,0.023696,4,2,2,434,156,278,126.603645,CON,0.023696
18:66:da:9b:e3:7d,00:c1:b1:14:eb:31,192.168.10.3,61043,192.168.10.1,53,17,0.023311,2,1,1,239,89,150,42.898201,CON,0.023311
b8:ac:6f:36:07:ee,00:c1:b1:14:eb:31,192.168.10.14,50780,162.248.16.50,443,6,0.086696,2,1,1,120,60,60,11.534557,sSE,0.086696
b8:ac:6f:1d:1f:6c,00:c1:b1:14:eb:31,192.168.10.9,1640,63.251.98.12,80,6,1.073764,13,7,6,2932,1032,1900,11.175640,sSEfF,1.073764
b8:ac:6f:1d:1f:6c,00:c1:b1:14:eb:31,192.168.10.9,1641,63.251.98.12,80,6,2.858559,12,6,6,3252,1074,2178,3.848093,sSEfF,2.858559
b8:ac:6f:1d:1f:6c,18:66:da:9b:e3:7d,192.168.10.9,54000,192.168.10.3,53,17,0.048057,4,2,2,398,162,236,62.425869,CON,0.048057
18:66:da:9b:e3:7d,00:c1:b1:14:eb:31,192.168.10.3,60712,192.168.10.1,53,17,0.047876,2,1,1,198,91,107,20.887293,CON,0.047876
00:23:ae:9b:8a:bf,00:c1:b1:14:eb:31,192.168.10.16,50948,104.88.75.116,443,6,0.022719,2,1,1,132,66,66,44.016022,sSE,0.022719
b8:ac:6f:36:08:f5,18:66:da:9b:e3:7d,192.168.10.8,123,192.168.10.3,123,17,0.000009,4,2,2,360,180,180,333333.312500,CON,0.000009
b8:ac:6f:36:08:f5,ff:ff:ff:ff:ff:ff,192.168.10.8,,192.168.10.3,,2054,0.000108,28,26,2,1680,1560,120,250000.000000,CON,0.000108
b8:ac:6f:1d:1f:6c,18:66:da:9b:e3:7d,192.168.10.9,64806,192.168.10.3,53,17,0.000145,4,2,2,352,160,192,20689.656250,CON,0.000145
b8:ac:6f:1d:1f:6c,18:66:da:9b:e3:7d,192.168.10.9,54741,192.168.10.3,53,17,0.023491,4,2,2,482,160,322,127.708481,CON,0.023491
18:66:da:9b:e3:7d,00:c1:b1:14:eb:31,192.168.10.3,61829,192.168.10.1,53,17,0.023140,2,1,1,263,91,172,43.215210,CON,0.023140
b8:ac:6f:1d:1f:6c,00:c1:b1:14:eb:31,192.168.10.9,1642,52.216.0.0,80,6,0.168010,8,4,4,1282,573,709,41.664188,sSE,0.168010
b8:ac:6f:1d:1f:6c,00:c1:b1:14:eb:31,192.168.10.9,1643,52.216.0.0,80,6,0.050512,3,2,1,192,126,66,39.594551,sSE,0.050512
b8:ac:6f:1d:1f:6c,18:66:da:9b:e3:7d,192.168.10.9,61490,192.168.10.3,53,17,0.048380,4,2,2,470,172,298,62.009098,CON,0.048380
18:66:da:9b:e3:7d,00:c1:b1:14:eb:31,192.168.10.3,60107,192.168.10.1,53,17,0.047984,2,1,1,257,97,160,20.840281,CON,0.047984
b8:ac:6f:1d:1f:6c,18:66:da:9b:e3:7d,192.168.10.9,59952,192.168.10.3,53,17,4.000383,8,8,0,696,696,0,1.749833,INT,4.000383
b8:ac:6f:1d:1f:6c,18:66:da:9b:e3:7d,192.168.10.9,65427,192.168.10.3,53,17,0.063706,4,2,2,448,170,278,47.091324,CON,0.063706
18:66:da:9b:e3:7d,00:c1:b1:14:eb:31,192.168.10.3,61951,192.168.10.1,53,17,0.521800,2,1,1,196,98,98,1.916443,CON,0.521800
b8:ac:6f:1d:1f:6c,18:66:da:9b:e3:7d,192.168.10.9,54705,192.168.10.3,53,17,0.048829,4,2,2,464,170,294,61.438900,CON,0.048829
18:66:da:9b:e3:7d,00:c1:b1:14:eb:31,192.168.10.3,62135,192.168.10.1,53,17,0.063340,2,1,1,246,96,150,15.787811,CON,0.063340
18:66:da:9b:e3:7d,00:c1:b1:14:eb:31,192.168.10.3,61583,192.168.10.1,53,17,0.048423,2,1,1,254,96,158,20.651344,CON,0.048423
b8:ac:6f:36:07:ee,00:c1:b1:14:eb:31,192.168.10.14,50795,152.163.56.2,443,6,4.310734,7,4,3,467,287,180,1.391874,sSEfF,4.310734
b8:ac:6f:1d:1f:6c,00:c1:b1:14:eb:31,192.168.10.9,1644,129.146.12.96,443,6,0.589369,14,7,7,5692,1168,4524,22.057489,sSE,0.589369
b8:ac:6f:1d:1f:6c,18:66:da:9b:e3:7d,192.168.10.9,59536,192.168.10.3,53,17,0.000281,4,2,2,450,164,286,10676.157227,CON,0.000281
b8:ac:6f:1d:1f:6c,18:66:da:9b:e3:7d,192.168.10.9,62193,192.168.10.3,53,17,0.047913,4,2,2,458,168,290,62.613487,CON,0.047913
18:66:da:9b:e3:7d,00:c1:b1:14:eb:31,192.168.10.3,60673,192.168.10.1,53,17,0.047350,2,1,1,251,95,156,21.119324,CON,0.047350
b8:ac:6f:36:07:ee,00:c1:b1:14:eb:31,192.168.10.14,50797,152.163.56.2,443,6,4.232865,7,4,3,467,287,180,1.417480,sSEfF,4.232865
b8:ac:6f:36:07:ee,00:c1:b1:14:eb:31,192.168.10.14,50783,162.248.16.50,443,6,0.086457,2,1,1,120,60,60,11.566443,sSE,0.086457
b8:ac:6f:1d:1f:6c,00:c1:b1:14:eb:31,192.168.10.9,1645,129.146.12.96,443,6,0.466172,12,6,6,4612,673,3939,23.596439,sSE,0.466172
00:23:ae:9b:8a:bf,00:c1:b1:14:eb:31,192.168.10.16,34014,216.200.232.114,443,6,0.034987,2,1,1,132,66,66,28.582047,sSE,0.034987
00:23:ae:9b:8a:bf,00:c1:b1:14:eb:31,192.168.10.16,60328,172.217.6.238,80,6,0.036929,2,1,1,132,66,66,27.078989,sSE,0.036929
00:23:ae:9b:8a:bf,00:c1:b1:14:eb:31,192.168.10.16,54068,23.36.33.160,443,6,0.028647,2,1,1,132,66,66,34.907669,sSE,0.028647
00:1e:4f:d4:ca:28,00:c1:b1:14:eb:31,192.168.10.15,49507,52.84.145.67,443,6,0.022233,2,1,1,126,60,66,44.978184,sSE,0.022233
b8:ac:6f:36:07:ee,00:c1:b1:14:eb:31,192.168.10.14,50915,23.194.181.5,443,6,0.023403,2,1,1,126,60,66,42.729565,sSE,0.023403
18:66:da:9b:e3:7d,b8:ac:6f:1d:1f:6c,192.168.10.3,,192.168.10.9,,2054,0.000237,4,2,2,240,120,120,12658.227539,CON,0.000237
b8:ac:6f:1d:1f:6c,18:66:da:9b:e3:7d,192.168.10.9,65161,192.168.10.3,53,17,0.000253,4,2,2,492,144,348,11857.707031,CON,0.000253
b8:ac:6f:1d:1f:6c,00:c1:b1:14:eb:31,192.168.10.9,1646,23.61.187.27,80,6,0.085448,8,4,4,2956,670,2286,81.921173,sSE,0.085448
b8:ac:6f:1d:1f:6c,00:c1:b1:14:eb:31,192.168.10.9,1647,23.61.187.27,80,6,0.079632,8,4,4,2956,670,2286,87.904358,sSE,0.079632
b8:ac:6f:1d:1f:6c,00:c1:b1:14:eb:31,192.168.10.9,1648,23.61.187.27,80,6,0.076926,5,3,2,324,192,132,51.998024,sSE,0.076926
b8:ac:6f:36:07:ee,00:c1:b1:14:eb:31,192.168.10.14,50942,52.84.143.110,80,6,0.021863,2,1,1,126,60,66,45.739376,sSE,0.021863
00:1e:4f:d4:ca:28,00:c1:b1:14:eb:31,192.168.10.15,49506,172.217.6.238,80,6,0.036329,2,1,1,126,60,66,27.526218,sSE,0.036329
00:23:ae:9b:8a:bf,00:c1:b1:14:eb:31,192.168.10.16,34258,207.200.74.133,443,6,0.093524,2,1,1,120,60,60,10.692442,sSE,0.093524
00:23:ae:9b:8a:bf,00:c1:b1:14:eb:31,192.168.10.16,60074,172.217.6.238,80,6,0.037358,2,1,1,132,66,66,26.768028,sSE,0.037358
b8:ac:6f:36:0b:a8,00:c1:b1:14:eb:31,192.168.10.51,46898,23.50.75.27,80,6,0.977977,5,2,3,330,132,198,4.090076,sSEfF,0.977977
b8:ac:6f:1d:1f:6c,18:66:da:9b:e3:7d,192.168.10.9,51017,192.168.10.3,53,17,0.048606,4,2,2,372,154,218,61.720776,CON,0.048606
18:66:da:9b:e3:7d,00:c1:b1:14:eb:31,192.168.10.3,60433,192.168.10.1,53,17,0.048382,2,1,1,208,88,120,20.668844,CON,0.048382
b8:ac:6f:1d:1f:6c,18:66:da:9b:e3:7d,192.168.10.9,59654,192.168.10.3,53,17,0.048170,4,2,2,344,156,188,62.279427,CON,0.048170
b8:ac:6f:1d:1f:6c,18:66:da:9b:e3:7d,192.168.10.9,49222,192.168.10.3,53,17,0.048541,4,2,2,344,156,188,61.803425,CON,0.048541
18:66:da:9b:e3:7d,00:c1:b1:14:eb:31,192.168.10.3,62433,192.168.10.1,53,17,0.047814,2,1,1,194,89,105,20.914377,CON,0.047814
18:66:da:9b:e3:7d,00:c1:b1:14:eb:31,192.168.10.3,60980,192.168.10.1,53,17,0.048181,2,1,1,194,89,105,20.755070,CON,0.048181
b8:ac:6f:1d:1f:6c,18:66:da:9b:e3:7d,192.168.10.9,52313,192.168.10.3,53,17,0.000183,4,2,2,372,154,218,16393.443359,CON,0.000183
b8:ac:6f:36:07:ee,00:c1:b1:14:eb:31,192.168.10.14,50672,72.21.91.29,80,6,0.023612,2,1,1,126,60,66,42.351345,sSE,0.023612
b8:ac:6f:1d:1f:6c,18:66:da:9b:e3:7d,192.168.10.9,64107,192.168.10.3,53,17,0.049049,4,2,2,478,154,324,61.163326,CON,0.049049
18:66:da:9b:e3:7d,00:c1:b1:14:eb:31,192.168.10.3,62313,192.168.10.1,53,17,0.048679,2,1,1,261,88,173,20.542738,CON,0.048679
b8:ac:6f:1d:1f:6c,18:66:da:9b:e3:7d,192.168.10.9,59202,192.168.10.3,53,17,0.000267,4,2,2,344,156,188,11235.955078,CON,0.000267
b8:ac:6f:1d:1f:6c,18:66:da:9b:e3:7d,192.168.10.9,63564,192.168.10.3,53,17,0.000208,4,2,2,344,156,188,14423.077148,CON,0.000208
b8:ac:6f:1d:1f:6c,18:66:da:9b:e3:7d,192.168.10.9,56729,192.168.10.3,53,17,0.024057,4,2,2,474,156,318,124.703827,CON,0.024057
18:66:da:9b:e3:7d,00:c1:b1:14:eb:31,192.168.10.3,61305,192.168.10.1,53,17,0.023510,2,1,1,259,89,170,42.535091,CON,0.023510
b8:ac:6f:1d:1f:6c,18:66:da:9b:e3:7d,192.168.10.9,52519,192.168.10.3,53,17,0.048429,4,2,2,424,156,268,61.946354,CON,0.048429
18:66:da:9b:e3:7d,00:c1:b1:14:eb:31,192.168.10.3,62512,192.168.10.1,53,17,0.048048,2,1,1,234,89,145,20.812521,CON,0.048048
b8:ac:6f:1d:1f:6c,18:66:da:9b:e3:7d,192.168.10.9,62283,192.168.10.3,53,17,0.097455,4,2,2,368,154,214,30.783438,CON,0.097455
18:66:da:9b:e3:7d,00:c1:b1:14:eb:31,192.168.10.3,60320,192.168.10.1,53,17,0.096939,2,1,1,206,88,118,10.315765,CON,0.096939
b8:ac:6f:1d:1f:6c,18:66:da:9b:e3:7d,192.168.10.9,56348,192.168.10.3,53,17,0.048012,4,2,2,328,148,180,62.484379,CON,0.048012
18:66:da:9b:e3:7d,00:c1:b1:14:eb:31,192.168.10.3,60973,192.168.10.1,53,17,0.047666,2,1,1,186,85,101,20.979315,CON,0.047666
b8:ac:6f:1d:1f:6c,18:66:da:9b:e3:7d,192.168.10.9,49320,192.168.10.3,53,17,0.023662,4,2,2,328,148,180,126.785561,CON,0.023662
18:66:da:9b:e3:7d,00:c1:b1:14:eb:31,192.168.10.3,61166,192.168.10.1,53,17,0.023228,2,1,1,186,85,101,43.051487,CON,0.023228
b8:ac:6f:36:07:ee,00:c1:b1:14:eb:31,192.168.10.14,50680,52.84.143.196,443,6,3.726185,7,4,3,451,265,186,1.610226,sSEfF,3.726185
b8:ac:6f:1d:1f:6c,18:66:da:9b:e3:7d,192.168.10.9,56787,192.168.10.3,53,17,0.000111,4,2,2,328,148,180,27027.027344,CON,0.000111
b8:ac:6f:1d:1f:6c,18:66:da:9b:e3:7d,192.168.10.9,55403,192.168.10.3,53,17,0.059360,4,2,2,458,148,310,50.539082,CON,0.059360
18:66:da:9b:e3:7d,00:c1:b1:14:eb:31,192.168.10.3,60225,192.168.10.1,53,17,0.058977,2,1,1,251,85,166,16.955763,CON,0.058977
b8:ac:6f:1d:1f:6c,18:66:da:9b:e3:7d,192.168.10.9,57784,192.168.10.3,53,17,0.000175,4,2,2,328,148,180,17142.857422,CON,0.000175
b8:ac:6f:1d:1f:6c,18:66:da:9b:e3:7d,192.168.10.9,58797,192.168.10.3,53,17,0.048229,4,2,2,458,148,310,62.203236,CON,0.048229
18:66:da:9b:e3:7d,00:c1:b1:14:eb:31,192.168.10.3,60861,192.168.10.1,53,17,0.047858,2,1,1,251,85,166,20.895147,CON,0.047858
b8:ac:6f:1d:1f:6c,18:66:da:9b:e3:7d,192.168.10.9,56709,192.168.10.3,53,17,0.000161,4,2,2,324,146,178,18633.539062,CON,0.000161
b8:ac:6f:1d:1f:6c,18:66:da:9b:e3:7d,192.168.10.9,64476,192.168.10.3,53,17,0.048926,4,2,2,478,146,332,61.317093,CON,0.048926
18:66:da:9b:e3:7d,00:c1:b1:14:eb:31,192.168.10.3,60826,192.168.10.1,53,17,0.048534,2,1,1,261,84,177,20.604113,CON,0.048534
b8:ac:6f:1d:1f:6c,18:66:da:9b:e3:7d,192.168.10.9,61275,192.168.10.3,53,17,0.240457,4,2,2,610,150,460,12.476243,CON,0.240457
18:66:da:9b:e3:7d,00:c1:b1:14:eb:31,192.168.10.3,60436,192.168.10.1,53,17,0.239945,2,1,1,327,86,241,4.167622,CON,0.239945
00:23:ae:9b:8a:bf,00:c1:b1:14:eb:31,192.168.10.16,36114,149.174.66.131,443,6,0.093770,2,1,1,120,60,60,10.664392,sSE,0.093770
b8:ac:6f:1d:1f:6c,18:66:da:9b:e3:7d,192.168.10.9,51762,192.168.10.3,53,17,0.000006,4,2,2,348,142,206,499999.968750,CON,0.000006
b8:ac:6f:1d:1f:6c,18:66:da:9b:e3:7d,192.168.10.9,50286,192.168.10.3,53,17,0.000161,4,2,2,348,142,206,18633.539062,CON,0.000161
b8:ac:6f:1d:1f:6c,18:66:da:9b:e3:7d,192.168.10.9,51450,192.168.10.3,53,17,0.023847,4,2,2,404,142,262,125.801987,CON,0.023847
18:66:da:9b:e3:7d,00:c1:b1:14:eb:31,192.168.10.3,60668,192.168.10.1,53,17,0.023455,2,1,1,224,82,142,42.634834,CON,0.023455
b8:ac:6f:1d:1f:6c,18:66:da:9b:e3:7d,192.168.10.9,59706,192.168.10.3,53,17,0.000214,4,2,2,466,152,314,14018.691406,CON,0.000214
b8:ac:6f:1d:1f:6c,18:66:da:9b:e3:7d,192.168.10.9,50928,192.168.10.3,53,17,0.000141,4,2,2,364,166,198,21276.595703,CON,0.000141
b8:ac:6f:1d:1f:6c,18:66:da:9b:e3:7d,192.168.10.9,56008,192.168.10.3,53,17,0.023766,4,2,2,388,166,222,126.230751,CON,0.023766
18:66:da:9b:e3:7d,00:c1:b1:14:eb:31,192.168.10.3,60939,192.168.10.1,53,17,0.023360,2,1,1,216,94,122,42.808216,CON,0.023360
b8:ac:6f:1d:1f:6c,18:66:da:9b:e3:7d,192.168.10.9,63420,192.168.10.3,53,17,0.050478,4,2,2,332,150,182,59.431831,CON,0.050478
18:66:da:9b:e3:7d,00:c1:b1:14:eb:31,192.168.10.3,61393,192.168.10.1,53,17,0.050141,2,1,1,188,86,102,19.943758,CON,0.050141
b8:ac:6f:1d:1f:6c,18:66:da:9b:e3:7d,192.168.10.9,61991,192.168.10.3,53,17,0.000144,4,2,2,332,150,182,20833.332031,CON,0.000144
b8:ac:6f:1d:1f:6c,18:66:da:9b:e3:7d,192.168.10.9,55972,192.168.10.3,53,17,0.049680,4,2,2,356,150,206,60.386475,CON,0.049680
18:66:da:9b:e3:7d,00:c1:b1:14:eb:31,192.168.10.3,61568,192.168.10.1,53,17,0.049351,2,1,1,200,86,114,20.263014,CON,0.049351
b8:ac:6f:36:07:ee,00:c1:b1:14:eb:31,192.168.10.14,50989,50.115.208.113,443,6,0.087498,2,1,1,120,60,60,11.428832,sSE,0.087498
b8:ac:6f:1d:1f:6c,18:66:da:9b:e3:7d,192.168.10.9,50268,192.168.10.3,53,17,0.000191,4,2,2,476,174,302,15706.806641,CON,0.000191
b8:ac:6f:1d:1f:6c,18:66:da:9b:e3:7d,192.168.10.9,59404,192.168.10.3,53,17,0.064079,4,2,2,482,174,308,46.817207,CON,0.064079
18:66:da:9b:e3:7d,00:c1:b1:14:eb:31,192.168.10.3,61594,192.168.10.1,53,17,0.063775,2,1,1,263,98,165,15.680124,CON,0.063775
00:23:ae:9b:8a:bf,00:c1:b1:14:eb:31,192.168.10.16,38992,104.16.165.179,443,6,0.015264,2,1,1,120,60,60,65.513626,sSE,0.015264
b8:ac:6f:36:07:ee,00:c1:b1:14:eb:31,192.168.10.14,50938,192.132.33.27,443,6,0.034329,2,1,1,126,60,66,29.129889,sSE,0.034329
00:23:ae:9b:8a:bf,00:c1:b1:14:eb:31,192.168.10.16,57730,162.248.16.50,443,6,0.086700,2,1,1,120,60,60,11.534025,sSE,0.086700
b8:ac:6f:1d:1f:6c,00:c1:b1:14:eb:31,192.168.10.9,1649,172.217.10.226,80,6,1.345519,14,8,6,6284,2316,3968,9.661699,sSE,1.345519
70:6e:6d:1d:bb:0f,01:00:0c:cc:cc:cc,01:00:0c:cc:cc:cc,170,70:6e:6d:1d:bb:0f,170,0,0.000000,1,1,0,458,458,0,0.000000,INT,0.000000
b8:ac:6f:36:07:ee,00:c1:b1:14:eb:31,192.168.10.14,50931,23.36.33.160,443,6,0.028548,2,1,1,126,60,66,35.028725,sSE,0.028548
b8:ac:6f:1d:1f:6c,18:66:da:9b:e3:7d,192.168.10.9,62624,192.168.10.3,53,17,0.000332,4,2,2,492,154,338,9036.144531,CON,0.000332
b8:ac:6f:1d:1f:6c,18:66:da:9b:e3:7d,192.168.10.9,56208,192.168.10.3,53,17,0.048633,4,2,2,400,166,234,61.686508,CON,0.048633
18:66:da:9b:e3:7d,00:c1:b1:14:eb:31,192.168.10.3,61159,192.168.10.1,53,17,0.048409,2,1,1,222,94,128,20.657316,CON,0.048409
b8:ac:6f:1d:1f:6c,00:c1:b1:14:eb:31,192.168.10.9,1650,129.146.12.96,80,6,0.096014,3,2,1,192,126,66,20.830296,sSE,0.096014
b8:ac:6f:1d:1f:6c,18:66:da:9b:e3:7d,192.168.10.9,49736,192.168.10.3,53,17,0.023906,4,2,2,530,168,362,125.491508,CON,0.023906
18:66:da:9b:e3:7d,00:c1:b1:14:eb:31,192.168.10.3,61761,192.168.10.1,53,17,0.023490,2,1,1,260,106,154,42.571304,CON,0.023490
b8:ac:6f:1d:1f:6c,18:66:da:9b:e3:7d,192.168.10.9,64519,192.168.10.3,53,17,0.063536,4,2,2,502,160,342,47.217323,CON,0.063536
18:66:da:9b:e3:7d,00:c1:b1:14:eb:31,192.168.10.3,60085,192.168.10.1,53,17,0.063127,2,1,1,204,94,110,15.841082,CON,0.063127
b8:ac:6f:1d:1f:6c,18:66:da:9b:e3:7d,192.168.10.9,64815,192.168.10.3,53,17,0.024627,4,2,2,446,158,288,121.817520,CON,0.024627
18:66:da:9b:e3:7d,00:c1:b1:14:eb:31,192.168.10.3,60759,192.168.10.1,53,17,0.024208,2,1,1,245,90,155,41.308659,CON,0.024208
b8:ac:6f:1d:1f:6c,00:c1:b1:14:eb:31,192.168.10.9,1651,8.43.72.21,80,6,0.293329,7,4,3,2042,945,1097,20.454847,sSE,0.293329
b8:ac:6f:1d:1f:6c,00:c1:b1:14:eb:31,192.168.10.9,1652,8.43.72.21,80,6,0.034949,3,2,1,188,126,62,57.226242,sSE,0.034949
b8:ac:6f:1d:1f:6c,18:66:da:9b:e3:7d,192.168.10.9,63526,192.168.10.3,53,17,0.023985,4,2,2,458,146,312,125.078171,CON,0.023985
b8:ac:6f:1d:1f:6c,18:66:da:9b:e3:7d,192.168.10.9,64608,192.168.10.3,53,17,0.143500,4,2,2,538,160,378,20.905924,CON,0.143500
b8:ac:6f:1d:1f:6c,18:66:da:9b:e3:7d,192.168.10.9,54260,192.168.10.3,53,17,0.000183,4,2,2,328,148,180,16393.443359,CON,0.000183
18:66:da:9b:e3:7d,00:c1:b1:14:eb:31,192.168.10.3,61438,192.168.10.1,53,17,0.023618,2,1,1,248,108,140,42.340588,CON,0.023618
18:66:da:9b:e3:7d,00:c1:b1:14:eb:31,192.168.10.3,60421,192.168.10.1,53,17,0.142983,2,1,1,291,91,200,6.993838,CON,0.142983
b8:ac:6f:1d:1f:6c,00:c1:b1:14:eb:31,192.168.10.9,1653,173.241.242.143,80,6,0.322443,7,4,3,1592,782,810,18.607939,sSE,0.322443
b8:ac:6f:1d:1f:6c,18:66:da:9b:e3:7d,192.168.10.9,59139,192.168.10.3,53,17,0.062030,4,2,2,336,152,184,48.363697,CON,0.062030
b8:ac:6f:1d:1f:6c,18:66:da:9b:e3:7d,192.168.10.9,57895,192.168.10.3,53,17,0.071399,4,2,2,366,146,220,42.017395,CON,0.071399
18:66:da:9b:e3:7d,00:c1:b1:14:eb:31,192.168.10.3,60184,192.168.10.1,53,17,0.061674,2,1,1,190,87,103,16.214289,CON,0.061674
b8:ac:6f:1d:1f:6c,18:66:da:9b:e3:7d,192.168.10.9,57810,192.168.10.3,53,17,0.024602,4,2,2,528,154,374,121.941307,CON,0.024602
18:66:da:9b:e3:7d,00:c1:b1:14:eb:31,192.168.10.3,61521,192.168.10.1,53,17,0.070995,2,1,1,205,84,121,14.085499,CON,0.070995
b8:ac:6f:1d:1f:6c,18:66:da:9b:e3:7d,192.168.10.9,53400,192.168.10.3,53,17,0.000334,4,2,2,620,150,470,8982.035156,CON,0.000334
18:66:da:9b:e3:7d,00:c1:b1:14:eb:31,192.168.10.3,61857,192.168.10.1,53,17,0.024157,2,1,1,270,103,167,41.395866,CON,0.024157
b8:ac:6f:1d:1f:6c,00:c1:b1:14:eb:31,192.168.10.9,1654,35.185.15.58,80,6,0.389722,9,5,4,1952,888,1064,20.527454,sSE,0.389722
b8:ac:6f:1d:1f:6c,18:66:da:9b:e3:7d,192.168.10.9,63251,192.168.10.3,53,17,0.046429,4,2,2,394,156,238,64.614784,CON,0.046429
18:66:da:9b:e3:7d,00:c1:b1:14:eb:31,192.168.10.3,60210,192.168.10.1,53,17,0.046047,2,1,1,219,89,130,21.716942,CON,0.046047
b8:ac:6f:1d:1f:6c,00:c1:b1:14:eb:31,192.168.10.9,1655,162.248.16.28,80,6,0.086807,3,2,1,186,126,60,23.039618,sSE,0.086807
b8:ac:6f:1d:1f:6c,00:c1:b1:14:eb:31,192.168.10.9,1656,162.248.16.28,80,6,0.506342,9,5,4,2006,917,1089,15.799598,sSEfF,0.506342
b8:ac:6f:1d:1f:6c,18:66:da:9b:e3:7d,192.168.10.9,49333,192.168.10.3,53,17,0.023557,4,2,2,328,148,180,127.350685,CON,0.023557
18:66:da:9b:e3:7d,00:c1:b1:14:eb:31,192.168.10.3,60605,192.168.10.1,53,17,0.023233,2,1,1,186,85,101,43.042225,CON,0.023233
b8:ac:6f:1d:1f:6c,18:66:da:9b:e3:7d,192.168.10.9,50416,192.168.10.3,53,17,0.024019,4,2,2,676,144,532,124.901123,CON,0.024019
18:66:da:9b:e3:7d,00:c1:b1:14:eb:31,192.168.10.3,61803,192.168.10.1,53,17,0.023531,2,1,1,344,84,260,42.497131,CON,0.023531
b8:ac:6f:1d:1f:6c,18:66:da:9b:e3:7d,192.168.10.9,61756,192.168.10.3,53,17,0.000198,4,2,2,564,174,390,15151.515625,CON,0.000198
b8:ac:6f:1d:1f:6c,18:66:da:9b:e3:7d,192.168.10.9,55711,192.168.10.3,53,17,0.094733,4,2,2,716,142,574,31.667952,CON,0.094733
18:66:da:9b:e3:7d,00:c1:b1:14:eb:31,192.168.10.3,62348,192.168.10.1,53,17,0.094200,2,1,1,380,82,298,10.615711,CON,0.094200
b8:ac:6f:1d:1f:6c,00:c1:b1:14:eb:31,192.168.10.9,1657,98.139.225.43,80,6,0.025185,3,2,1,192,126,66,79.412346,sSE,0.025185
b8:ac:6f:1d:1f:6c,00:c1:b1:14:eb:31,192.168.10.9,1658,98.139.225.43,80,6,0.161585,10,5,5,1354,900,454,55.698238,sSEfF,0.161585
b8:ac:6f:1d:1f:6c,00:c1:b1:14:eb:31,192.168.10.9,1659,151.101.0.166,80,6,0.067809,9,4,5,1913,724,1189,117.978439,sSE,0.067809
b8:ac:6f:1d:1f:6c,00:c1:b1:14:eb:31,192.168.10.9,1660,198.54.12.127,80,6,0.558155,10,5,5,2987,1492,1495,16.124554,sSE,0.558155
b8:ac:6f:1d:1f:6c,18:66:da:9b:e3:7d,192.168.10.9,56946,192.168.10.3,53,17,0.121749,4,2,2,492,154,338,24.640860,CON,0.121749
18:66:da:9b:e3:7d,00:c1:b1:14:eb:31,192.168.10.3,62220,192.168.10.1,53,17,0.121338,2,1,1,268,88,180,8.241441,CON,0.121338
b8:ac:6f:1d:1f:6c,18:66:da:9b:e3:7d,192.168.10.9,55210,192.168.10.3,53,17,0.023888,4,2,2,732,174,558,125.586075,CON,0.023888
18:66:da:9b:e3:7d,00:c1:b1:14:eb:31,192.168.10.3,62224,192.168.10.1,53,17,0.023389,2,1,1,388,98,290,42.755142,CON,0.023389
b8:ac:6f:1d:1f:6c,00:c1:b1:14:eb:31,192.168.10.9,1661,23.2.12.111,80,6,0.028846,3,2,1,192,126,66,69.333702,sSE,0.028846
b8:ac:6f:1d:1f:6c,00:c1:b1:14:eb:31,192.168.10.9,1662,23.2.12.111,80,6,0.105245,7,4,3,914,728,186,57.009834,sSE,0.105245
b8:ac:6f:1d:1f:6c,00:c1:b1:14:eb:31,192.168.10.9,1663,74.119.118.94,80,6,0.275652,7,4,3,1413,765,648,21.766577,sSE,0.275652
b8:ac:6f:1d:1f:6c,18:66:da:9b:e3:7d,192.168.10.9,58574,192.168.10.3,53,17,0.107508,4,2,2,612,148,464,27.904900,CON,0.107508
18:66:da:9b:e3:7d,00:c1:b1:14:eb:31,192.168.10.3,61293,192.168.10.1,53,17,0.107037,2,1,1,328,85,243,9.342564,CON,0.107037
b8:ac:6f:1d:1f:6c,18:66:da:9b:e3:7d,192.168.10.9,65149,192.168.10.3,53,17,0.000220,4,2,2,644,174,470,13636.363281,CON,0.000220
b8:ac:6f:1d:1f:6c,18:66:da:9b:e3:7d,192.168.10.9,64183,192.168.10.3,53,17,0.060108,4,2,2,312,140,172,49.910164,CON,0.060108
18:66:da:9b:e3:7d,00:c1:b1:14:eb:31,192.168.10.3,62344,192.168.10.1,53,17,0.059765,2,1,1,178,81,97,16.732201,CON,0.059765
b8:ac:6f:1d:1f:6c,18:66:da:9b:e3:7d,192.168.10.9,63419,192.168.10.3,53,17,0.100731,4,2,2,564,150,414,29.782291,CON,0.100731
18:66:da:9b:e3:7d,00:c1:b1:14:eb:31,192.168.10.3,62327,192.168.10.1,53,17,0.100305,2,1,1,304,86,218,9.969593,CON,0.100305
b8:ac:6f:1d:1f:6c,18:66:da:9b:e3:7d,192.168.10.9,64237,192.168.10.3,53,17,0.023885,4,2,2,480,144,336,125.601837,CON,0.023885
18:66:da:9b:e3:7d,00:c1:b1:14:eb:31,192.168.10.3,61338,192.168.10.1,53,17,0.023466,2,1,1,262,83,179,42.614845,CON,0.023466
b8:ac:6f:1d:1f:6c,00:c1:b1:14:eb:31,192.168.10.9,1664,169.55.70.244,80,6,0.386528,8,5,3,3887,1157,2730,18.109943,sSE,0.386528
b8:ac:6f:1d:1f:6c,00:c1:b1:14:eb:31,192.168.10.9,1665,69.166.1.10,80,6,2.160307,12,7,5,2704,906,1798,5.091869,sSEfF,2.160307
00:23:ae:9b:8a:bf,00:c1:b1:14:eb:31,192.168.10.16,54154,23.36.33.160,443,6,0.028703,2,1,1,132,66,66,34.839561,sSE,0.028703
00:23:ae:9b:8a:bf,00:c1:b1:14:eb:31,192.168.10.16,54112,23.36.33.160,443,6,0.028708,2,1,1,132,66,66,34.833496,sSE,0.028708
b8:ac:6f:1d:1f:6c,00:c1:b1:14:eb:31,192.168.10.9,1666,185.86.139.19,80,6,0.581313,7,4,3,1448,837,611,10.321462,sSE,0.581313
b8:ac:6f:1d:1f:6c,00:c1:b1:14:eb:31,192.168.10.9,1667,152.163.56.2,80,6,0.415074,6,4,2,1189,793,396,12.046045,sSE,0.415074
b8:ac:6f:1d:1f:6c,00:c1:b1:14:eb:31,192.168.10.9,1668,95.154.251.155,80,6,1.481238,10,5,5,2146,805,1341,6.075999,sSEfF,1.481238
b8:ac:6f:36:0b:a8,00:c1:b1:14:eb:31,192.168.10.51,37214,23.194.180.112,443,6,0.023320,2,1,1,132,66,66,42.881645,sSE,0.023320
b8:ac:6f:1d:1f:6c,18:66:da:9b:e3:7d,192.168.10.9,54177,192.168.10.3,53,17,0.149185,4,2,2,470,146,324,20.109261,CON,0.149185
18:66:da:9b:e3:7d,00:c1:b1:14:eb:31,192.168.10.3,60827,192.168.10.1,53,17,0.148733,2,1,1,257,84,173,6.723457,CON,0.148733
b8:ac:6f:1d:1f:6c,18:66:da:9b:e3:7d,192.168.10.9,51344,192.168.10.3,53,17,0.023966,4,2,2,462,158,304,125.177338,CON,0.023966
18:66:da:9b:e3:7d,00:c1:b1:14:eb:31,192.168.10.3,60081,192.168.10.1,53,17,0.023531,2,1,1,238,97,141,42.497131,CON,0.023531
b8:ac:6f:1d:1f:6c,00:c1:b1:14:eb:31,192.168.10.9,1669,162.208.22.39,80,6,0.438791,8,4,4,1706,678,1028,15.952925,sSE,0.438791
b8:ac:6f:1d:1f:6c,18:66:da:9b:e3:7d,192.168.10.9,54212,192.168.10.3,53,17,0.023707,4,2,2,416,144,272,126.544899,CON,0.023707
18:66:da:9b:e3:7d,00:c1:b1:14:eb:31,192.168.10.3,62007,192.168.10.1,53,17,0.023358,2,1,1,230,83,147,42.811882,CON,0.023358
b8:ac:6f:1d:1f:6c,18:66:da:9b:e3:7d,192.168.10.9,55407,192.168.10.3,53,17,0.023757,4,2,2,340,154,186,126.278572,CON,0.023757
18:66:da:9b:e3:7d,00:c1:b1:14:eb:31,192.168.10.3,61991,192.168.10.1,53,17,0.023354,2,1,1,192,88,104,42.819218,CON,0.023354
b8:ac:6f:1d:1f:6c,18:66:da:9b:e3:7d,192.168.10.9,64107,192.168.10.3,53,17,0.023791,4,2,2,576,160,416,126.098106,CON,0.023791
18:66:da:9b:e3:7d,00:c1:b1:14:eb:31,192.168.10.3,60077,192.168.10.1,53,17,0.023362,2,1,1,310,91,219,42.804554,CON,0.023362
b8:ac:6f:1d:1f:6c,18:66:da:9b:e3:7d,192.168.10.9,64124,192.168.10.3,53,17,0.047064,4,2,2,734,150,584,63.742989,CON,0.047064
18:66:da:9b:e3:7d,00:c1:b1:14:eb:31,192.168.10.3,60185,192.168.10.1,53,17,0.046545,2,1,1,389,86,303,21.484585,CON,0.046545
b8:ac:6f:1d:1f:6c,18:66:da:9b:e3:7d,192.168.10.9,55333,192.168.10.3,53,17,0.023862,4,2,2,486,152,334,125.722900,CON,0.023862
18:66:da:9b:e3:7d,00:c1:b1:14:eb:31,192.168.10.3,60636,192.168.10.1,53,17,0.023485,2,1,1,254,95,159,42.580372,CON,0.023485
b8:ac:6f:1d:1f:6c,18:66:da:9b:e3:7d,192.168.10.9,54896,192.168.10.3,53,17,0.061275,4,2,2,492,154,338,48.959606,CON,0.061275
18:66:da:9b:e3:7d,00:c1:b1:14:eb:31,192.168.10.3,60177,192.168.10.1,53,17,0.060910,2,1,1,202,93,109,16.417665,CON,0.060910
b8:ac:6f:1d:1f:6c,18:66:da:9b:e3:7d,192.168.10.9,57403,192.168.10.3,53,17,0.000164,4,2,2,476,190,286,18292.683594,CON,0.000164
b8:ac:6f:1d:1f:6c,18:66:da:9b:e3:7d,192.168.10.9,52484,192.168.10.3,53,17,0.000187,4,2,2,328,148,180,16042.781250,CON,0.000187
b8:ac:6f:1d:1f:6c,18:66:da:9b:e3:7d,192.168.10.9,52999,192.168.10.3,53,17,0.000216,4,2,2,620,150,470,13888.888672,CON,0.000216
b8:ac:6f:1d:1f:6c,18:66:da:9b:e3:7d,192.168.10.9,59823,192.168.10.3,53,17,0.000295,4,2,2,360,164,196,10169.491211,CON,0.000295
b8:ac:6f:1d:1f:6c,18:66:da:9b:e3:7d,192.168.10.9,58171,192.168.10.3,53,17,0.023806,4,2,2,448,164,284,126.018654,CON,0.023806
18:66:da:9b:e3:7d,00:c1:b1:14:eb:31,192.168.10.3,60872,192.168.10.1,53,17,0.023431,2,1,1,246,93,153,42.678505,CON,0.023431
b8:ac:6f:1d:1f:6c,18:66:da:9b:e3:7d,192.168.10.9,63599,192.168.10.3,53,17,0.000206,4,2,2,452,194,258,14563.107422,CON,0.000206
b8:ac:6f:1d:1f:6c,18:66:da:9b:e3:7d,192.168.10.9,50451,192.168.10.3,53,17,0.023838,4,2,2,500,194,306,125.849480,CON,0.023838
18:66:da:9b:e3:7d,00:c1:b1:14:eb:31,192.168.10.3,60879,192.168.10.1,53,17,0.023415,2,1,1,272,108,164,42.707668,CON,0.023415
b8:ac:6f:36:07:ee,00:c1:b1:14:eb:31,192.168.10.14,50657,23.194.181.5,443,6,0.023263,2,1,1,126,60,66,42.986717,sSE,0.023263
b8:ac:6f:36:07:ee,00:c1:b1:14:eb:31,192.168.10.14,50203,216.200.232.61,443,6,0.035173,2,1,1,126,60,66,28.430899,E,0.035173
b8:ac:6f:36:07:ee,00:c1:b1:14:eb:31,192.168.10.14,50987,169.60.66.38,443,6,0.041921,2,1,1,120,60,60,23.854393,sSE,0.041921
b8:ac:6f:36:07:ee,00:c1:b1:14:eb:31,192.168.10.14,50916,23.194.181.5,443,6,0.023587,2,1,1,126,60,66,42.396236,sSE,0.023587
b8:ac:6f:1d:1f:6c,00:c1:b1:14:eb:31,192.168.10.9,1670,52.86.195.127,80,6,0.380785,8,4,4,2107,741,1366,18.383078,sSE,0.380785
b8:ac:6f:1d:1f:6c,18:66:da:9b:e3:7d,192.168.10.9,52389,192.168.10.3,53,17,0.023739,4,2,2,442,170,272,126.374313,CON,0.023739
18:66:da:9b:e3:7d,00:c1:b1:14:eb:31,192.168.10.3,62140,192.168.10.1,53,17,0.023388,2,1,1,243,96,147,42.756969,CON,0.023388
b8:ac:6f:1d:1f:6c,18:66:da:9b:e3:7d,192.168.10.9,64800,192.168.10.3,53,17,0.000167,4,2,2,452,172,280,17964.070312,CON,0.000167
b8:ac:6f:1d:1f:6c,18:66:da:9b:e3:7d,192.168.10.9,53768,192.168.10.3,53,17,0.023877,4,2,2,460,168,292,125.643921,CON,0.023877
18:66:da:9b:e3:7d,00:c1:b1:14:eb:31,192.168.10.3,62013,192.168.10.1,53,17,0.023500,2,1,1,252,95,157,42.553192,CON,0.023500
b8:ac:6f:1d:1f:6c,00:c1:b1:14:eb:31,192.168.10.9,1671,156.154.200.36,80,6,0.357387,10,5,5,1443,862,581,25.182785,sSEfF,0.357387
b8:ac:6f:1d:1f:6c,00:c1:b1:14:eb:31,192.168.10.9,1672,108.59.6.118,80,6,0.352479,8,5,3,2344,784,1560,19.859339,sSEfF,0.352479
b8:ac:6f:1d:1f:6c,18:66:da:9b:e3:7d,192.168.10.9,55437,192.168.10.3,53,17,0.000172,4,2,2,496,184,312,17441.861328,CON,0.000172
b8:ac:6f:1d:1f:6c,18:66:da:9b:e3:7d,192.168.10.9,59701,192.168.10.3,53,17,0.023972,4,2,2,490,184,306,125.145996,CON,0.023972
18:66:da:9b:e3:7d,00:c1:b1:14:eb:31,192.168.10.3,61531,192.168.10.1,53,17,0.023571,2,1,1,267,103,164,42.425014,CON,0.023571
b8:ac:6f:1d:1f:6c,18:66:da:9b:e3:7d,192.168.10.9,63342,192.168.10.3,53,17,0.000202,4,2,2,436,186,250,14851.485352,CON,0.000202
b8:ac:6f:1d:1f:6c,18:66:da:9b:e3:7d,192.168.10.9,55015,192.168.10.3,53,17,0.023807,4,2,2,472,186,286,126.013359,CON,0.023807
18:66:da:9b:e3:7d,00:c1:b1:14:eb:31,192.168.10.3,61582,192.168.10.1,53,17,0.023388,2,1,1,258,104,154,42.756969,CON,0.023388
b8:ac:6f:1d:1f:6c,18:66:da:9b:e3:7d,192.168.10.9,53697,192.168.10.3,53,17,0.071172,4,2,2,546,156,390,42.151409,CON,0.071172
18:66:da:9b:e3:7d,00:c1:b1:14:eb:31,192.168.10.3,61344,192.168.10.1,53,17,0.070698,2,1,1,295,89,206,14.144671,CON,0.070698
b8:ac:6f:1d:1f:6c,18:66:da:9b:e3:7d,192.168.10.9,56198,192.168.10.3,53,17,0.047496,4,2,2,444,172,272,63.163216,CON,0.047496
18:66:da:9b:e3:7d,00:c1:b1:14:eb:31,192.168.10.3,60652,192.168.10.1,53,17,0.047177,2,1,1,244,97,147,21.196770,CON,0.047177
b8:ac:6f:1d:1f:6c,18:66:da:9b:e3:7d,192.168.10.9,59766,192.168.10.3,53,17,0.048032,4,2,2,464,172,292,62.458359,CON,0.048032
18:66:da:9b:e3:7d,00:c1:b1:14:eb:31,192.168.10.3,62288,192.168.10.1,53,17,0.047613,2,1,1,254,97,157,21.002668,CON,0.047613
b8:ac:6f:1d:1f:6c,00:c1:b1:14:eb:31,192.168.10.9,1673,23.15.4.17,80,6,0.015179,3,2,1,192,126,66,131.760986,sSE,0.015179
b8:ac:6f:1d:1f:6c,00:c1:b1:14:eb:31,192.168.10.9,1674,23.15.4.17,80,6,0.389176,7,4,3,2010,890,1120,15.417189,sSE,0.389176
b8:ac:6f:1d:1f:6c,18:66:da:9b:e3:7d,192.168.10.9,63921,192.168.10.3,53,17,0.024016,4,2,2,462,168,294,124.916718,CON,0.024016
b8:ac:6f:1d:1f:6c,00:c1:b1:14:eb:31,192.168.10.9,1675,104.88.69.146,80,6,0.388556,7,4,3,1370,720,650,15.441790,sSE,0.388556
18:66:da:9b:e3:7d,00:c1:b1:14:eb:31,192.168.10.3,61171,192.168.10.1,53,17,0.023651,2,1,1,253,95,158,42.281509,CON,0.023651
b8:ac:6f:1d:1f:6c,00:c1:b1:14:eb:31,192.168.10.9,1676,104.16.25.235,80,6,0.432082,8,4,4,2132,752,1380,16.200628,sSE,0.432082
b8:ac:6f:1d:1f:6c,18:66:da:9b:e3:7d,192.168.10.9,64515,192.168.10.3,53,17,0.023840,4,2,2,476,172,304,125.838921,CON,0.023840
b8:ac:6f:1d:1f:6c,18:66:da:9b:e3:7d,192.168.10.9,53898,192.168.10.3,53,17,0.000206,4,2,2,360,164,196,14563.107422,CON,0.000206
18:66:da:9b:e3:7d,00:c1:b1:14:eb:31,192.168.10.3,61693,192.168.10.1,53,17,0.023430,2,1,1,260,97,163,42.680325,CON,0.023430
b8:ac:6f:1d:1f:6c,18:66:da:9b:e3:7d,192.168.10.9,59291,192.168.10.3,53,17,0.000207,4,2,2,328,148,180,14492.752930,CON,0.000207
b8:ac:6f:1d:1f:6c,18:66:da:9b:e3:7d,192.168.10.9,58821,192.168.10.3,53,17,0.000207,4,2,2,364,166,198,14492.752930,CON,0.000207
b8:ac:6f:1d:1f:6c,18:66:da:9b:e3:7d,192.168.10.9,56862,192.168.10.3,53,17,0.024622,4,2,2,458,166,292,121.842255,CON,0.024622
b8:ac:6f:1d:1f:6c,18:66:da:9b:e3:7d,192.168.10.9,53359,192.168.10.3,53,17,0.000185,4,2,2,644,146,498,16216.216797,CON,0.000185
18:66:da:9b:e3:7d,00:c1:b1:14:eb:31,192.168.10.3,62262,192.168.10.1,53,17,0.024264,2,1,1,251,94,157,41.213318,CON,0.024264
b8:ac:6f:1d:1f:6c,18:66:da:9b:e3:7d,192.168.10.9,65424,192.168.10.3,53,17,0.000174,4,2,2,368,168,200,17241.378906,CON,0.000174
b8:ac:6f:1d:1f:6c,18:66:da:9b:e3:7d,192.168.10.9,64649,192.168.10.3,53,17,0.024151,4,2,2,466,168,298,124.218460,CON,0.024151
18:66:da:9b:e3:7d,00:c1:b1:14:eb:31,192.168.10.3,60966,192.168.10.1,53,17,0.023775,2,1,1,255,95,160,42.060989,CON,0.023775
b8:ac:6f:1d:1f:6c,18:66:da:9b:e3:7d,192.168.10.9,64166,192.168.10.3,53,17,0.000232,4,2,2,456,164,292,12931.034180,CON,0.000232
b8:ac:6f:1d:1f:6c,18:66:da:9b:e3:7d,192.168.10.9,53400,192.168.10.3,53,17,0.000185,4,2,2,448,164,284,16216.216797,CON,0.000185
b8:ac:6f:1d:1f:6c,18:66:da:9b:e3:7d,192.168.10.9,53882,192.168.10.3,53,17,0.000252,4,2,2,732,174,558,11904.761719,CON,0.000252
b8:ac:6f:1d:1f:6c,18:66:da:9b:e3:7d,192.168.10.9,60194,192.168.10.3,53,17,0.023912,4,2,2,476,174,302,125.460022,CON,0.023912
18:66:da:9b:e3:7d,00:c1:b1:14:eb:31,192.168.10.3,61286,192.168.10.1,53,17,0.023546,2,1,1,260,98,162,42.470058,CON,0.023546
b8:ac:6f:1d:1f:6c,18:66:da:9b:e3:7d,192.168.10.9,59665,192.168.10.3,53,17,0.000235,4,2,2,336,152,184,12765.957031,CON,0.000235
b8:ac:6f:1d:1f:6c,18:66:da:9b:e3:7d,192.168.10.9,55341,192.168.10.3,53,17,0.000169,4,2,2,336,152,184,17751.478516,CON,0.000169
b8:ac:6f:1d:1f:6c,18:66:da:9b:e3:7d,192.168.10.9,63763,192.168.10.3,53,17,0.024149,4,2,2,434,152,282,124.228745,CON,0.024149
18:66:da:9b:e3:7d,00:c1:b1:14:eb:31,192.168.10.3,61159,192.168.10.1,53,17,0.023738,2,1,1,239,87,152,42.126549,CON,0.023738
b8:ac:6f:1d:1f:6c,18:66:da:9b:e3:7d,192.168.10.9,54848,192.168.10.3,53,17,0.000213,4,2,2,480,144,336,14084.506836,CON,0.000213
b8:ac:6f:1d:1f:6c,18:66:da:9b:e3:7d,192.168.10.9,60248,192.168.10.3,53,17,0.000378,4,2,2,450,144,306,7936.507812,CON,0.000378
b8:ac:6f:1d:1f:6c,18:66:da:9b:e3:7d,192.168.10.9,52735,192.168.10.3,53,17,0.000058,4,2,2,340,154,186,51724.136719,CON,0.000058
b8:ac:6f:1d:1f:6c,18:66:da:9b:e3:7d,192.168.10.9,55693,192.168.10.3,53,17,0.000057,4,2,2,312,140,172,52631.578125,CON,0.000057
b8:ac:6f:1d:1f:6c,18:66:da:9b:e3:7d,192.168.10.9,55516,192.168.10.3,53,17,0.000230,4,2,2,422,154,268,13043.477539,CON,0.000230
b8:ac:6f:1d:1f:6c,18:66:da:9b:e3:7d,192.168.10.9,55284,192.168.10.3,53,17,0.048770,4,2,2,448,140,308,61.513226,CON,0.048770
18:66:da:9b:e3:7d,00:c1:b1:14:eb:31,192.168.10.3,61119,192.168.10.1,53,17,0.048394,2,1,1,246,81,165,20.663719,CON,0.048394
b8:ac:6f:1d:1f:6c,18:66:da:9b:e3:7d,192.168.10.9,59961,192.168.10.3,53,17,0.000252,4,2,2,724,234,490,11904.761719,CON,0.000252
b8:ac:6f:1d:1f:6c,18:66:da:9b:e3:7d,192.168.10.9,65129,192.168.10.3,53,17,0.000213,4,2,2,416,144,272,14084.506836,CON,0.000213
b8:ac:6f:1d:1f:6c,18:66:da:9b:e3:7d,192.168.10.9,52231,192.168.10.3,53,17,0.000195,4,2,2,462,144,318,15384.615234,CON,0.000195
b8:ac:6f:1d:1f:6c,18:66:da:9b:e3:7d,192.168.10.9,61389,192.168.10.3,53,17,0.000142,4,2,2,340,154,186,21126.759766,CON,0.000142
b8:ac:6f:1d:1f:6c,18:66:da:9b:e3:7d,192.168.10.9,50083,192.168.10.3,53,17,0.023698,4,2,2,406,154,252,126.592957,CON,0.023698
18:66:da:9b:e3:7d,00:c1:b1:14:eb:31,192.168.10.3,61774,192.168.10.1,53,17,0.023271,2,1,1,225,88,137,42.971939,CON,0.023271
b8:ac:6f:1d:1f:6c,18:66:da:9b:e3:7d,192.168.10.9,56710,192.168.10.3,53,17,0.000151,4,2,2,376,156,220,19867.548828,CON,0.000151
b8:ac:6f:1d:1f:6c,18:66:da:9b:e3:7d,192.168.10.9,64811,192.168.10.3,53,17,0.023770,4,2,2,436,156,280,126.209503,CON,0.023770
18:66:da:9b:e3:7d,00:c1:b1:14:eb:31,192.168.10.3,60378,192.168.10.1,53,17,0.023415,2,1,1,240,89,151,42.707668,CON,0.023415
b8:ac:6f:1d:1f:6c,00:c1:b1:14:eb:31,192.168.10.9,1677,52.73.178.249,80,6,0.418622,7,4,3,1793,929,864,14.332740,sSE,0.418622
b8:ac:6f:1d:1f:6c,18:66:da:9b:e3:7d,192.168.10.9,57404,192.168.10.3,53,17,0.000234,4,2,2,576,160,416,12820.512695,CON,0.000234
b8:ac:6f:1d:1f:6c,18:66:da:9b:e3:7d,192.168.10.9,53319,192.168.10.3,53,17,0.024271,4,2,2,494,160,334,123.604301,CON,0.024271
18:66:da:9b:e3:7d,00:c1:b1:14:eb:31,192.168.10.3,62348,192.168.10.1,53,17,0.023876,2,1,1,269,91,178,41.883060,CON,0.023876
b8:ac:6f:1d:1f:6c,18:66:da:9b:e3:7d,192.168.10.9,54311,192.168.10.3,53,17,0.000143,4,2,2,360,164,196,20979.021484,CON,0.000143
b8:ac:6f:1d:1f:6c,18:66:da:9b:e3:7d,192.168.10.9,50604,192.168.10.3,53,17,0.000149,4,2,2,450,164,286,20134.228516,CON,0.000149
b8:ac:6f:1d:1f:6c,18:66:da:9b:e3:7d,192.168.10.9,60886,192.168.10.3,53,17,0.000283,4,2,2,544,192,352,10600.707031,CON,0.000283
b8:ac:6f:1d:1f:6c,18:66:da:9b:e3:7d,192.168.10.9,62144,192.168.10.3,53,17,0.000862,4,2,2,500,192,308,3480.278564,CON,0.000862
18:66:da:9b:e3:7d,00:c1:b1:14:eb:31,192.168.10.3,61007,192.168.10.1,53,17,0.000452,2,1,1,272,107,165,2212.389404,CON,0.000452
b8:ac:6f:1d:1f:6c,18:66:da:9b:e3:7d,192.168.10.9,57158,192.168.10.3,53,17,0.000199,4,2,2,520,164,356,15075.376953,CON,0.000199
b8:ac:6f:1d:1f:6c,18:66:da:9b:e3:7d,192.168.10.9,55735,192.168.10.3,53,17,0.000211,4,2,2,464,168,296,14218.008789,CON,0.000211
b8:ac:6f:1d:1f:6c,18:66:da:9b:e3:7d,192.168.10.9,64391,192.168.10.3,53,17,0.000238,4,2,2,692,218,474,12605.041992,CON,0.000238
b8:ac:6f:1d:1f:6c,18:66:da:9b:e3:7d,192.168.10.9,49529,192.168.10.3,53,17,0.024177,4,2,2,486,168,318,124.084877,CON,0.024177
18:66:da:9b:e3:7d,00:c1:b1:14:eb:31,192.168.10.3,62298,192.168.10.1,53,17,0.023802,2,1,1,265,95,170,42.013279,CON,0.023802
b8:ac:6f:1d:1f:6c,18:66:da:9b:e3:7d,192.168.10.9,57056,192.168.10.3,53,17,0.024287,4,2,2,600,218,382,123.522873,CON,0.024287
18:66:da:9b:e3:7d,00:c1:b1:14:eb:31,192.168.10.3,61218,192.168.10.1,53,17,0.023867,2,1,1,322,120,202,41.898857,CON,0.023867
b8:ac:6f:1d:1f:6c,18:66:da:9b:e3:7d,192.168.10.9,57050,192.168.10.3,53,17,0.000191,4,2,2,360,164,196,15706.806641,CON,0.000191
b8:ac:6f:1d:1f:6c,18:66:da:9b:e3:7d,192.168.10.9,56687,192.168.10.3,53,17,0.024001,4,2,2,450,164,286,124.994789,CON,0.024001
18:66:da:9b:e3:7d,00:c1:b1:14:eb:31,192.168.10.3,60813,192.168.10.1,53,17,0.023647,2,1,1,247,93,154,42.288666,CON,0.023647
b8:ac:6f:1d:1f:6c,18:66:da:9b:e3:7d,192.168.10.9,64722,192.168.10.3,53,17,0.000169,4,2,2,536,204,332,17751.478516,CON,0.000169
b8:ac:6f:1d:1f:6c,18:66:da:9b:e3:7d,192.168.10.9,49998,192.168.10.3,53,17,0.060828,4,2,2,572,204,368,49.319393,CON,0.060828
18:66:da:9b:e3:7d,00:c1:b1:14:eb:31,192.168.10.3,60477,192.168.10.1,53,17,0.060420,2,1,1,308,113,195,16.550812,CON,0.060420
b8:ac:6f:1d:1f:6c,00:c1:b1:14:eb:31,192.168.10.9,1678,52.73.178.249,80,6,0.462570,9,5,4,2607,997,1610,17.294680,sSE,0.462570
b8:ac:6f:1d:1f:6c,00:c1:b1:14:eb:31,192.168.10.9,1679,50.57.31.206,80,6,1.491731,27,12,15,9659,4472,5187,17.429415,sSE,1.491731
b8:ac:6f:1d:1f:6c,00:c1:b1:14:eb:31,192.168.10.9,1680,54.249.38.117,80,6,0.645877,7,4,3,1436,713,723,9.289695,sSE,0.645877
b8:ac:6f:1d:1f:6c,00:c1:b1:14:eb:31,192.168.10.9,1681,61.213.187.244,80,6,2.586559,11,6,5,1671,834,837,3.866140,sSEfFR,2.586559
b8:ac:6f:1d:1f:6c,00:c1:b1:14:eb:31,192.168.10.9,1682,23.194.181.232,80,6,1.512781,14,7,7,3086,1555,1531,8.593445,sSEfF,1.512781
b8:ac:6f:1d:1f:6c,18:66:da:9b:e3:7d,192.168.10.9,61537,192.168.10.3,53,17,0.000168,4,2,2,336,152,184,17857.142578,CON,0.000168
b8:ac:6f:1d:1f:6c,18:66:da:9b:e3:7d,192.168.10.9,59847,192.168.10.3,53,17,0.000154,4,2,2,336,152,184,19480.519531,CON,0.000154
b8:ac:6f:1d:1f:6c,00:c1:b1:14:eb:31,192.168.10.9,1683,52.72.133.141,80,6,0.725377,11,6,5,3307,1477,1830,13.785934,sSE,0.725377
b8:ac:6f:1d:1f:6c,00:c1:b1:14:eb:31,192.168.10.9,1684,74.121.138.156,443,6,0.607573,14,7,7,5857,1449,4408,21.396606,sSE,0.607573
b8:ac:6f:1d:1f:6c,00:c1:b1:14:eb:31,192.168.10.9,1685,46.137.177.35,80,6,0.699445,11,6,5,3824,1936,1888,14.297050,sSE,0.699445
b8:ac:6f:1d:1f:6c,00:c1:b1:14:eb:31,192.168.10.9,1686,69.169.86.38,80,6,0.343155,7,4,3,1606,727,879,17.484810,sSE,0.343155
b8:ac:6f:1d:1f:6c,00:c1:b1:14:eb:31,192.168.10.9,1687,23.21.232.224,80,6,2.562560,12,6,6,2251,901,1350,4.292583,sSEfF,2.562560
b8:ac:6f:1d:1f:6c,00:c1:b1:14:eb:31,192.168.10.9,1688,74.121.138.156,80,6,0.636121,11,6,5,3881,2293,1588,15.720281,sSE,0.636121
b8:ac:6f:1d:1f:6c,00:c1:b1:14:eb:31,192.168.10.9,1689,74.121.138.156,80,6,0.356136,8,4,4,2646,1070,1576,19.655413,sSE,0.356136
b8:ac:6f:1d:1f:6c,00:c1:b1:14:eb:31,192.168.10.9,1690,162.208.22.39,80,6,0.439099,11,6,5,3511,1349,2162,22.773907,sSE,0.439099
b8:ac:6f:36:07:ee,00:c1:b1:14:eb:31,192.168.10.14,50671,72.21.91.29,80,6,0.023682,2,1,1,126,60,66,42.226162,sSE,0.023682
b8:ac:6f:1d:1f:6c,18:66:da:9b:e3:7d,192.168.10.9,49255,192.168.10.3,53,17,0.050378,4,2,2,374,148,226,59.549805,CON,0.050378
b8:ac:6f:1d:1f:6c,18:66:da:9b:e3:7d,192.168.10.9,63395,192.168.10.3,53,17,0.108868,4,2,2,568,156,412,27.556307,CON,0.108868
18:66:da:9b:e3:7d,00:c1:b1:14:eb:31,192.168.10.3,61550,192.168.10.1,53,17,0.049882,2,1,1,209,85,124,20.047312,CON,0.049882
18:66:da:9b:e3:7d,00:c1:b1:14:eb:31,192.168.10.3,60627,192.168.10.1,53,17,0.108375,2,1,1,306,89,217,9.227221,CON,0.108375
b8:ac:6f:1d:1f:6c,18:66:da:9b:e3:7d,192.168.10.9,59259,192.168.10.3,53,17,0.000149,4,2,2,404,154,250,20134.228516,CON,0.000149
b8:ac:6f:1d:1f:6c,18:66:da:9b:e3:7d,192.168.10.9,63938,192.168.10.3,53,17,0.000226,4,2,2,344,156,188,13274.335938,CON,0.000226
b8:ac:6f:1d:1f:6c,18:66:da:9b:e3:7d,192.168.10.9,61534,192.168.10.3,53,17,0.000170,4,2,2,448,156,292,17647.058594,CON,0.000170
b8:ac:6f:36:07:ee,00:c1:b1:14:eb:31,192.168.10.14,50955,23.36.33.160,443,6,0.028584,2,1,1,126,60,66,34.984608,sSE,0.028584
b8:ac:6f:1d:1f:6c,18:66:da:9b:e3:7d,192.168.10.9,52534,192.168.10.3,53,17,0.000139,4,2,2,320,144,176,21582.734375,CON,0.000139
b8:ac:6f:1d:1f:6c,18:66:da:9b:e3:7d,192.168.10.9,60570,192.168.10.3,53,17,0.023989,4,2,2,386,144,242,125.057320,CON,0.023989
18:66:da:9b:e3:7d,00:c1:b1:14:eb:31,192.168.10.3,62356,192.168.10.1,53,17,0.023527,2,1,1,215,83,132,42.504356,CON,0.023527
18:66:da:9b:e3:7d,00:c1:b1:14:eb:31,192.168.10.3,61870,192.168.10.1,53,17,0.047650,2,1,1,318,143,175,20.986361,CON,0.047650
b8:ac:6f:1d:1f:6c,18:66:da:9b:e3:7d,192.168.10.9,60601,192.168.10.3,53,17,0.048107,4,2,2,430,174,256,62.360989,CON,0.048107
18:66:da:9b:e3:7d,00:c1:b1:14:eb:31,192.168.10.3,61661,192.168.10.1,53,17,0.047672,2,1,1,237,98,139,20.976673,CON,0.047672
b8:ac:6f:1d:1f:6c,18:66:da:9b:e3:7d,192.168.10.9,53254,192.168.10.3,53,17,0.061183,4,2,2,454,172,282,49.033226,CON,0.061183
18:66:da:9b:e3:7d,00:c1:b1:14:eb:31,192.168.10.3,60761,192.168.10.1,53,17,0.060704,2,1,1,249,97,152,16.473379,CON,0.060704
b8:ac:6f:1d:1f:6c,00:c1:b1:14:eb:31,192.168.10.9,1691,72.21.91.29,80,6,0.272241,9,5,4,2567,741,1826,29.385729,sSE,0.272241
b8:ac:6f:1d:1f:6c,00:c1:b1:14:eb:31,192.168.10.9,1692,69.169.85.7,80,6,0.303743,7,4,3,1812,724,1088,19.753542,sSE,0.303743
b8:ac:6f:1d:1f:6c,18:66:da:9b:e3:7d,192.168.10.9,59396,192.168.10.3,53,17,0.048879,4,2,2,480,174,306,61.376049,CON,0.048879
b8:ac:6f:1d:1f:6c,18:66:da:9b:e3:7d,192.168.10.9,59684,192.168.10.3,53,17,0.047910,4,2,2,466,170,296,62.617405,CON,0.047910
18:66:da:9b:e3:7d,00:c1:b1:14:eb:31,192.168.10.3,60601,192.168.10.1,53,17,0.048488,2,1,1,262,98,164,20.623659,CON,0.048488
b8:ac:6f:36:07:ee,00:c1:b1:14:eb:31,192.168.10.14,50806,149.174.66.131,443,6,4.110808,7,4,3,467,287,180,1.459567,sSEfF,4.110808
18:66:da:9b:e3:7d,00:c1:b1:14:eb:31,192.168.10.3,62494,192.168.10.1,53,17,0.047552,2,1,1,255,96,159,21.029610,CON,0.047552
b8:ac:6f:1d:1f:6c,00:c1:b1:14:eb:31,192.168.10.9,1693,72.21.91.29,80,6,0.023900,3,2,1,192,126,66,83.682007,sSE,0.023900
b8:ac:6f:1d:1f:6c,00:c1:b1:14:eb:31,192.168.10.9,1694,69.169.85.7,80,6,0.023341,3,2,1,188,126,62,85.686134,sSE,0.023341
b8:ac:6f:1d:1f:6c,18:66:da:9b:e3:7d,192.168.10.9,64847,192.168.10.3,53,17,0.061935,4,2,2,454,172,282,48.437878,CON,0.061935
b8:ac:6f:1d:1f:6c,18:66:da:9b:e3:7d,192.168.10.9,61390,192.168.10.3,53,17,0.048925,4,2,2,454,172,282,61.318344,CON,0.048925
18:66:da:9b:e3:7d,00:c1:b1:14:eb:31,192.168.10.3,60518,192.168.10.1,53,17,0.061537,2,1,1,249,97,152,16.250385,CON,0.061537
b8:ac:6f:1d:1f:6c,18:66:da:9b:e3:7d,192.168.10.9,62546,192.168.10.3,53,17,0.000176,4,2,2,486,174,312,17045.455078,CON,0.000176
18:66:da:9b:e3:7d,00:c1:b1:14:eb:31,192.168.10.3,61838,192.168.10.1,53,17,0.048548,2,1,1,249,97,152,20.598169,CON,0.048548
b8:ac:6f:1d:1f:6c,18:66:da:9b:e3:7d,192.168.10.9,63275,192.168.10.3,53,17,0.048419,4,2,2,480,172,308,61.959148,CON,0.048419
18:66:da:9b:e3:7d,00:c1:b1:14:eb:31,192.168.10.3,60844,192.168.10.1,53,17,0.048054,2,1,1,262,97,165,20.809923,CON,0.048054
b8:ac:6f:1d:1f:6c,18:66:da:9b:e3:7d,192.168.10.9,59239,192.168.10.3,53,17,0.000229,4,2,2,476,172,304,13100.436523,CON,0.000229
b8:ac:6f:1d:1f:6c,18:66:da:9b:e3:7d,192.168.10.9,49624,192.168.10.3,53,17,0.023662,4,2,2,464,172,292,126.785561,CON,0.023662
18:66:da:9b:e3:7d,00:c1:b1:14:eb:31,192.168.10.3,61191,192.168.10.1,53,17,0.023245,2,1,1,254,97,157,43.020004,CON,0.023245
b8:ac:6f:1d:1f:6c,18:66:da:9b:e3:7d,192.168.10.9,59587,192.168.10.3,53,17,0.023559,4,2,2,464,170,294,127.339867,CON,0.023559
18:66:da:9b:e3:7d,00:c1:b1:14:eb:31,192.168.10.3,62314,192.168.10.1,53,17,0.023202,2,1,1,254,96,158,43.099731,CON,0.023202
b8:ac:6f:1d:1f:6c,00:c1:b1:14:eb:31,192.168.10.9,1695,184.169.175.8,80,6,0.467547,9,5,4,3237,889,2348,17.110579,sSE,0.467547
b8:ac:6f:1d:1f:6c,18:66:da:9b:e3:7d,192.168.10.9,62988,192.168.10.3,53,17,0.023592,4,2,2,466,172,294,127.161743,CON,0.023592
18:66:da:9b:e3:7d,00:c1:b1:14:eb:31,192.168.10.3,62252,192.168.10.1,53,17,0.023133,2,1,1,255,97,158,43.228287,CON,0.023133
b8:ac:6f:1d:1f:6c,18:66:da:9b:e3:7d,192.168.10.9,52387,192.168.10.3,53,17,0.000163,4,2,2,474,172,302,18404.908203,CON,0.000163
b8:ac:6f:1d:1f:6c,18:66:da:9b:e3:7d,192.168.10.9,54371,192.168.10.3,53,17,0.000759,4,2,2,474,170,304,3952.569092,CON,0.000759
18:66:da:9b:e3:7d,00:c1:b1:14:eb:31,192.168.10.3,60199,192.168.10.1,53,17,0.000376,2,1,1,259,96,163,2659.574463,CON,0.000376
b8:ac:6f:1d:1f:6c,18:66:da:9b:e3:7d,192.168.10.9,55914,192.168.10.3,53,17,4.000018,8,8,0,696,696,0,1.749992,INT,4.000018
18:66:da:9b:e3:7d,00:c1:b1:14:eb:31,192.168.10.3,61778,192.168.10.1,53,17,0.178949,2,1,1,196,98,98,5.588184,CON,0.178949
b8:ac:6f:1d:1f:6c,18:66:da:9b:e3:7d,192.168.10.9,57204,192.168.10.3,53,17,0.048948,4,2,2,470,172,298,61.289532,CON,0.048948
18:66:da:9b:e3:7d,00:c1:b1:14:eb:31,192.168.10.3,61038,192.168.10.1,53,17,0.048572,2,1,1,257,97,160,20.587994,CON,0.048572
b8:ac:6f:1d:1f:6c,18:66:da:9b:e3:7d,192.168.10.9,60689,192.168.10.3,53,17,0.000227,4,2,2,580,226,354,13215.859375,CON,0.000227
b8:ac:6f:1d:1f:6c,18:66:da:9b:e3:7d,192.168.10.9,63876,192.168.10.3,53,17,0.060243,4,2,2,616,226,390,49.798317,CON,0.060243
18:66:da:9b:e3:7d,00:c1:b1:14:eb:31,192.168.10.3,60367,192.168.10.1,53,17,0.059883,2,1,1,330,124,206,16.699230,CON,0.059883
b8:ac:6f:1d:1f:6c,00:c1:b1:14:eb:31,192.168.10.9,1696,52.54.213.208,80,6,0.050218,3,2,1,192,126,66,39.826355,sSE,0.050218
b8:ac:6f:1d:1f:6c,00:c1:b1:14:eb:31,192.168.10.9,1697,52.54.213.208,80,6,0.485675,11,6,5,3792,1992,1800,20.589901,sSE,0.485675
b8:ac:6f:1d:1f:6c,00:c1:b1:14:eb:31,192.168.10.9,1552,35.185.54.228,80,6,0.074699,4,2,2,240,120,120,40.161179,sSEfF,0.074699
b8:ac:6f:36:07:ee,18:66:da:9b:e3:7d,192.168.10.14,58451,192.168.10.3,53,17,0.060733,4,2,2,550,150,400,49.396538,CON,0.060733
18:66:da:9b:e3:7d,00:c1:b1:14:eb:31,192.168.10.3,61540,192.168.10.1,53,17,0.060227,2,1,1,290,105,185,16.603849,CON,0.060227
b8:ac:6f:1d:1f:6c,18:66:da:9b:e3:7d,192.168.10.9,63228,192.168.10.3,53,17,0.063040,4,2,2,486,154,332,47.588829,CON,0.063040
18:66:da:9b:e3:7d,00:c1:b1:14:eb:31,192.168.10.3,60861,192.168.10.1,53,17,0.062612,2,1,1,265,88,177,15.971380,CON,0.062612
b8:ac:6f:1d:1f:6c,00:c1:b1:14:eb:31,192.168.10.9,1551,52.84.145.30,80,6,0.022406,3,2,1,180,120,60,89.261803,sSEf,0.022406
b8:ac:6f:1d:1f:6c,00:c1:b1:14:eb:31,192.168.10.9,1553,35.185.54.228,80,6,0.053672,4,2,2,240,120,120,55.895065,sSEf,0.053672
b8:ac:6f:1d:1f:6c,00:c1:b1:14:eb:31,192.168.10.9,1546,54.183.83.241,80,6,0.088018,3,2,1,180,120,60,22.722626,sSEf,0.088018
b8:ac:6f:1d:1f:6c,00:c1:b1:14:eb:31,192.168.10.9,1545,23.61.187.27,80,6,0.037206,3,2,1,180,120,60,53.754768,sSEf,0.037206
b8:ac:6f:1d:1f:6c,00:c1:b1:14:eb:31,192.168.10.9,1529,23.208.218.31,80,6,0.038950,3,2,1,180,120,60,51.347881,sSEf,0.038950
b8:ac:6f:1d:1f:6c,00:c1:b1:14:eb:31,192.168.10.9,1549,52.19.201.247,443,6,0.102552,5,3,2,350,205,145,39.004604,sSEfFR,0.102552
b8:ac:6f:1d:1f:6c,00:c1:b1:14:eb:31,192.168.10.9,1532,52.84.145.177,443,6,0.022455,4,3,1,265,205,60,133.600540,sSEfF,0.022455
b8:ac:6f:1d:1f:6c,00:c1:b1:14:eb:31,192.168.10.9,1533,52.84.145.177,443,6,0.022210,4,3,1,265,205,60,135.074295,sSEfF,0.022210
00:23:ae:9b:8a:bf,00:c1:b1:14:eb:31,192.168.10.16,49256,72.21.91.29,80,6,0.023691,2,1,1,132,66,66,42.210121,sSE,0.023691
00:23:ae:9b:8a:bf,00:c1:b1:14:eb:31,192.168.10.16,56188,23.50.75.27,80,6,0.023286,2,1,1,132,66,66,42.944260,sSE,0.023286
b8:ac:6f:36:07:ee,00:c1:b1:14:eb:31,192.168.10.14,51044,104.16.127.228,443,6,0.108427,15,7,8,5978,1224,4754,129.119125,sSE,0.108427
b8:ac:6f:36:07:ee,18:66:da:9b:e3:7d,192.168.10.14,58575,192.168.10.3,53,17,0.000209,4,2,2,536,188,348,14354.066406,CON,0.000209
b8:ac:6f:1d:1f:6c,00:c1:b1:14:eb:31,192.168.10.9,1698,23.194.181.232,80,6,0.249155,7,4,3,1612,707,905,24.081394,sSE,0.249155
b8:ac:6f:1d:1f:6c,00:c1:b1:14:eb:31,192.168.10.9,1699,23.194.181.232,80,6,0.023323,3,2,1,192,126,66,85.752266,sSE,0.023323
b8:ac:6f:36:07:ee,00:c1:b1:14:eb:31,192.168.10.14,50952,152.163.13.4,443,6,0.093591,2,1,1,120,60,60,10.684789,sSE,0.093591
b8:ac:6f:36:07:ee,00:c1:b1:14:eb:31,192.168.10.14,50930,151.101.64.166,443,6,0.015257,2,1,1,126,60,66,65.543686,sSE,0.015257
b8:ac:6f:36:07:ee,00:c1:b1:14:eb:31,192.168.10.14,50983,52.87.101.173,443,6,0.050884,2,1,1,126,60,66,19.652542,sSE,0.050884
b8:ac:6f:36:0b:a8,00:c1:b1:14:eb:31,192.168.10.51,47032,172.217.11.10,443,6,0.036593,2,1,1,132,66,66,27.327629,sSE,0.036593
b8:ac:6f:1d:1f:6c,18:66:da:9b:e3:7d,192.168.10.9,50568,192.168.10.3,53,17,0.081959,4,2,2,470,168,302,36.603668,CON,0.081959
18:66:da:9b:e3:7d,00:c1:b1:14:eb:31,192.168.10.3,61077,192.168.10.1,53,17,0.081352,2,1,1,257,95,162,12.292260,CON,0.081352
b8:ac:6f:1d:1f:6c,18:66:da:9b:e3:7d,192.168.10.9,54340,192.168.10.3,53,17,0.059319,4,2,2,454,172,282,50.574013,CON,0.059319
18:66:da:9b:e3:7d,00:c1:b1:14:eb:31,192.168.10.3,61400,192.168.10.1,53,17,0.058906,2,1,1,249,97,152,16.976200,CON,0.058906
b8:ac:6f:1d:1f:6c,00:c1:b1:14:eb:31,192.168.10.9,1700,156.154.200.36,80,6,0.108476,10,5,5,1467,832,635,82.967659,sSEfF,0.108476
b8:ac:6f:36:07:ee,00:c1:b1:14:eb:31,192.168.10.14,50807,149.174.66.131,443,6,4.735207,7,4,3,467,287,180,1.267104,sSEfF,4.735207
00:23:ae:9b:8a:bf,00:c1:b1:14:eb:31,192.168.10.16,54390,152.163.56.2,443,6,0.028211,2,1,1,120,60,60,35.447166,sSE,0.028211
00:23:ae:9b:8a:bf,00:c1:b1:14:eb:31,192.168.10.16,47874,8.43.72.21,443,6,0.034597,2,1,1,120,60,60,28.904242,sSE,0.034597
b8:ac:6f:36:07:ee,00:c1:b1:14:eb:31,192.168.10.14,50802,204.11.109.68,443,6,3.635225,8,4,4,527,287,240,1.925603,sSEfF,3.635225
b8:ac:6f:36:07:ee,00:c1:b1:14:eb:31,192.168.10.14,51024,23.63.152.219,443,6,0.038130,2,1,1,126,60,66,26.226068,sSE,0.038130
b8:ac:6f:36:07:ee,00:c1:b1:14:eb:31,192.168.10.14,50803,204.11.109.68,443,6,3.637266,8,4,4,527,287,240,1.924523,sSEfF,3.637266
00:23:ae:9b:95:67,00:c1:b1:14:eb:31,192.168.10.17,123,184.105.182.7,123,17,0.080648,2,1,1,180,90,90,12.399564,CON,0.080648
b8:ac:6f:36:04:e3,00:23:ae:9b:95:67,192.168.10.12,,192.168.10.17,,2054,0.000008,4,2,2,240,120,120,375000.000000,CON,0.000008
b8:ac:6f:1d:1f:6c,18:66:da:9b:e3:7d,192.168.10.9,56749,192.168.10.3,53,17,0.047537,4,2,2,422,162,260,63.108738,CON,0.047537
18:66:da:9b:e3:7d,00:c1:b1:14:eb:31,192.168.10.3,61509,192.168.10.1,53,17,0.047255,2,1,1,202,93,109,21.161783,CON,0.047255
00:23:ae:9b:8a:bf,00:c1:b1:14:eb:31,192.168.10.16,34918,52.84.145.72,443,6,0.021984,2,1,1,132,66,66,45.487629,sSE,0.021984
00:23:ae:9b:8a:bf,00:c1:b1:14:eb:31,192.168.10.16,52962,50.19.83.4,443,6,0.049899,2,1,1,132,66,66,20.040482,sSE,0.049899
b8:ac:6f:36:07:ee,00:c1:b1:14:eb:31,192.168.10.14,50835,204.11.109.68,443,6,4.421022,8,4,4,527,287,240,1.583344,sSEfF,4.421022
b8:ac:6f:1d:1f:6c,00:c1:b1:14:eb:31,192.168.10.9,1701,207.200.74.133,80,6,0.387244,6,4,2,1441,769,672,12.911757,sSE,0.387244
b8:ac:6f:1d:1f:6c,18:66:da:9b:e3:7d,192.168.10.9,57260,192.168.10.3,53,17,0.000126,4,2,2,360,164,196,23809.523438,CON,0.000126
b8:ac:6f:1d:1f:6c,18:66:da:9b:e3:7d,192.168.10.9,54479,192.168.10.3,53,17,0.000230,4,2,2,468,164,304,13043.477539,CON,0.000230
b8:ac:6f:36:07:ee,00:c1:b1:14:eb:31,192.168.10.14,50951,207.200.74.133,443,6,0.093869,2,1,1,120,60,60,10.653144,sSE,0.093869
b8:ac:6f:36:0b:a8,00:c1:b1:14:eb:31,192.168.10.51,36453,52.84.136.32,80,6,0.022118,2,1,1,132,66,66,45.212044,sSE,0.022118
b8:ac:6f:1d:1f:6c,00:c1:b1:14:eb:31,192.168.10.9,1570,35.186.184.153,80,6,0.041807,4,2,2,240,120,120,71.758316,sSEfF,0.041807
b8:ac:6f:1d:1f:6c,00:c1:b1:14:eb:31,192.168.10.9,1568,35.186.184.153,80,6,0.042264,4,2,2,240,120,120,70.982399,sSEfF,0.042264
b8:ac:6f:36:0b:a8,00:c1:b1:14:eb:31,192.168.10.51,46648,184.84.243.223,80,6,0.022083,2,1,1,132,66,66,45.283703,sSE,0.022083
00:23:ae:9b:8a:bf,00:c1:b1:14:eb:31,192.168.10.16,58370,185.86.137.42,443,6,0.112020,2,1,1,132,66,66,8.926977,sSE,0.112020
00:23:ae:9b:8a:bf,00:c1:b1:14:eb:31,192.168.10.16,56346,184.28.196.84,443,6,0.024088,2,1,1,132,66,66,41.514446,sSE,0.024088
00:23:ae:9b:8a:bf,00:c1:b1:14:eb:31,192.168.10.16,55898,23.50.75.27,80,6,0.023181,2,1,1,132,66,66,43.138775,sSE,0.023181
b8:ac:6f:1d:1f:6c,00:c1:b1:14:eb:31,192.168.10.9,1571,35.186.184.153,80,6,0.042250,3,2,1,180,120,60,47.337276,sSEf,0.042250
b8:ac:6f:1d:1f:6c,00:c1:b1:14:eb:31,192.168.10.9,1569,35.186.184.153,80,6,0.041803,3,2,1,180,120,60,47.843456,sSEf,0.041803
b8:ac:6f:1d:1f:6c,00:c1:b1:14:eb:31,192.168.10.9,1559,94.31.29.254,80,6,0.022824,4,2,2,240,120,120,131.440582,sSEf,0.022824
b8:ac:6f:1d:1f:6c,00:c1:b1:14:eb:31,192.168.10.9,1560,52.84.145.235,80,6,0.022118,3,2,1,180,120,60,90.424088,sSEf,0.022118
b8:ac:6f:1d:1f:6c,00:c1:b1:14:eb:31,192.168.10.9,1556,23.63.227.171,80,6,0.038419,3,2,1,180,120,60,52.057575,sSEf,0.038419
b8:ac:6f:1d:1f:6c,00:c1:b1:14:eb:31,192.168.10.9,1562,52.84.145.230,443,6,0.022236,4,3,1,265,205,60,134.916351,sSEfF,0.022236
b8:ac:6f:36:07:ee,00:c1:b1:14:eb:31,192.168.10.14,50965,172.217.12.134,443,6,0.093536,4,2,2,320,160,160,32.073212,sSE,0.093536
b8:ac:6f:36:07:ee,00:c1:b1:14:eb:31,192.168.10.14,50682,172.217.3.98,443,6,0.093534,3,2,1,260,160,100,21.382599,sSE,0.093534
b8:ac:6f:36:07:ee,00:c1:b1:14:eb:31,192.168.10.14,50772,172.217.10.70,443,6,0.093493,3,2,1,260,160,100,21.391975,sSE,0.093493
b8:ac:6f:36:07:ee,00:c1:b1:14:eb:31,192.168.10.14,50735,157.240.18.35,443,6,0.135328,4,2,2,366,166,200,22.168362,sSE,0.135328
b8:ac:6f:36:07:ee,00:c1:b1:14:eb:31,192.168.10.14,50768,172.217.12.161,443,6,0.171531,3,2,1,260,160,100,11.659699,sSE,0.171531
b8:ac:6f:36:04:e3,00:c1:b1:14:eb:31,192.168.10.12,36600,35.160.100.86,443,6,0.083547,2,1,1,132,66,66,11.969310,sSE,0.083547
00:c1:b1:14:eb:31,00:23:ae:9b:8a:bf,191.237.24.89,443,192.168.10.16,34436,6,0.000009,2,1,1,185,119,66,111111.109375,E,0.000009
00:23:ae:9b:8a:bf,00:c1:b1:14:eb:31,192.168.10.16,50354,52.15.239.205,443,6,0.040948,2,1,1,132,66,66,24.421217,E,0.040948
b8:ac:6f:36:0b:a8,00:c1:b1:14:eb:31,192.168.10.51,46910,23.50.75.27,80,6,0.023035,2,1,1,132,66,66,43.412201,sSE,0.023035
70:6e:6d:1d:bb:04,01:00:0c:cc:cc:cc,01:00:0c:cc:cc:cc,170,70:6e:6d:1d:bb:04,170,0,0.000000,1,1,0,457,457,0,0.000000,INT,0.000000
00:1e:4f:d4:ca:28,00:c1:b1:14:eb:31,192.168.10.15,49493,23.63.226.51,80,6,0.038364,3,2,1,180,120,60,52.132206,sSEfF,0.038364
b8:ac:6f:36:0b:a8,00:c1:b1:14:eb:31,192.168.10.51,38622,23.15.4.9,80,6,0.014988,2,1,1,132,66,66,66.720047,sSE,0.014988
b8:ac:6f:36:07:ee,00:c1:b1:14:eb:31,192.168.10.14,50849,23.36.34.44,443,6,0.028747,2,1,1,126,60,66,34.786240,sSE,0.028747
b8:ac:6f:36:0a:8b,00:c1:b1:14:eb:31,192.168.10.5,49435,23.217.49.37,443,6,0.033369,4,2,2,265,120,145,89.903801,sSEfFR,0.033369
b8:ac:6f:36:0a:8b,00:c1:b1:14:eb:31,192.168.10.5,49254,43.251.41.28,443,6,0.298084,4,2,2,1529,731,798,10.064278,E,0.298084
b8:ac:6f:36:0b:a8,00:c1:b1:14:eb:31,192.168.10.51,42851,104.88.109.24,443,6,0.023146,2,1,1,132,66,66,43.204010,sSE,0.023146
b8:ac:6f:36:04:e3,00:c1:b1:14:eb:31,192.168.10.12,57130,72.21.91.29,80,6,0.023578,2,1,1,132,66,66,42.412418,sSE,0.023578
00:23:ae:9b:8a:bf,00:c1:b1:14:eb:31,192.168.10.16,42000,23.61.187.27,80,6,3.194203,5,3,2,330,198,132,1.252269,sSEfF,3.194203
00:23:ae:9b:8a:bf,00:c1:b1:14:eb:31,192.168.10.16,53146,199.187.193.133,443,6,3.225846,8,4,4,559,295,264,2.169973,sSEfF,3.225846
00:23:ae:9b:8a:bf,00:c1:b1:14:eb:31,192.168.10.16,37846,151.101.0.249,443,6,0.015196,2,1,1,132,66,66,65.806793,sSE,0.015196
00:23:ae:9b:8a:bf,00:c1:b1:14:eb:31,192.168.10.16,53142,199.187.193.133,443,6,3.225203,8,4,4,559,295,264,2.170406,sSEfF,3.225203
00:23:ae:9b:8a:bf,00:c1:b1:14:eb:31,192.168.10.16,58480,185.86.137.42,443,6,0.112143,2,1,1,132,66,66,8.917186,sSE,0.112143
00:23:ae:9b:8a:bf,00:c1:b1:14:eb:31,192.168.10.16,58482,185.86.137.42,443,6,0.112159,2,1,1,132,66,66,8.915915,sSE,0.112159
00:23:ae:9b:8a:bf,00:c1:b1:14:eb:31,192.168.10.16,58478,185.86.137.42,443,6,0.112115,2,1,1,132,66,66,8.919413,sSE,0.112115
b8:ac:6f:1d:1f:6c,18:66:da:9b:e3:7d,192.168.10.9,60965,192.168.10.3,53,17,0.000277,4,2,2,490,174,316,10830.324219,CON,0.000277
00:23:ae:9b:8a:bf,00:c1:b1:14:eb:31,192.168.10.16,57428,52.22.113.46,443,6,0.050992,6,4,2,446,283,163,98.054596,sSEfFR,0.050992
b8:ac:6f:1d:1f:6c,00:c1:b1:14:eb:31,192.168.10.9,1603,184.173.146.236,443,6,0.042940,6,2,4,620,120,500,116.441551,sSEfF,0.042940
b8:ac:6f:36:04:e3,00:c1:b1:14:eb:31,192.168.10.12,57152,72.21.91.29,80,6,0.023742,2,1,1,132,66,66,42.119450,sSE,0.023742
b8:ac:6f:36:04:e3,00:c1:b1:14:eb:31,192.168.10.12,57148,72.21.91.29,80,6,0.023471,2,1,1,132,66,66,42.605770,sSE,0.023471
b8:ac:6f:36:04:e3,00:c1:b1:14:eb:31,192.168.10.12,57146,72.21.91.29,80,6,0.023717,2,1,1,132,66,66,42.163849,sSE,0.023717
00:23:ae:9b:8a:bf,00:c1:b1:14:eb:31,192.168.10.16,38116,54.183.219.110,443,6,0.086599,2,1,1,132,66,66,11.547478,sSE,0.086599
00:23:ae:9b:8a:bf,00:c1:b1:14:eb:31,192.168.10.16,53144,199.187.193.133,443,6,2.969590,8,4,4,559,295,264,2.357228,sSEfF,2.969590
00:23:ae:9b:8a:bf,00:c1:b1:14:eb:31,192.168.10.16,56272,23.50.75.27,80,6,0.022986,2,1,1,132,66,66,43.504742,sSE,0.022986
b8:ac:6f:1d:1f:6c,00:c1:b1:14:eb:31,192.168.10.9,1602,184.173.146.236,443,6,0.043239,5,2,3,325,120,205,92.509071,sSEfF,0.043239
