SrcMac,DstMac,SrcAddr,Sport,DstAddr,Dport,Proto,Mean,TotPkts,SrcPkts,DstPkts,TotBytes,SrcBytes,DstBytes,Rate,State,Dur
00:23:ae:9b:ad:b3,18:66:da:9b:e3:7d,192.168.10.19,16335,192.168.10.3,53,17,5.004167,4,4,0,276,276,0,0.599500,INT,5.004167
00:23:ae:9b:ad:b3,18:66:da:9b:e3:7d,192.168.10.19,5253,192.168.10.3,53,17,5.004141,4,4,0,276,276,0,0.599504,INT,5.004141
00:23:ae:9b:8a:bf,00:c1:b1:14:eb:31,192.168.10.16,35146,151.101.1.69,443,6,2.039910,212,84,128,181458,7688,173770,103.435928,sSE,2.039910
b8:ac:6f:36:0a:8b,00:c1:b1:14:eb:31,192.168.10.5,49843,107.178.247.57,443,6,1.481706,69,33,36,12236,9326,2910,45.893044,E,1.481706
b8:ac:6f:36:0a:8b,00:c1:b1:14:eb:31,192.168.10.5,51832,54.174.28.60,443,6,1.182195,20,8,12,10370,2061,8309,16.071800,sSE,1.182195
b8:ac:6f:36:0a:8b,00:c1:b1:14:eb:31,192.168.10.5,51848,52.72.49.160,443,6,1.141643,23,11,12,11556,2073,9483,19.270472,sSE,1.141643
00:23:ae:9b:8a:bf,00:c1:b1:14:eb:31,192.168.10.16,46346,173.222.140.253,443,6,1.109357,9,5,4,1330,906,424,7.211385,sSE,1.109357
00:23:ae:9b:8a:bf,00:c1:b1:14:eb:31,192.168.10.16,43794,54.197.238.119,443,6,1.130099,23,12,11,10114,3053,7061,19.467319,sSE,1.130099
00:23:ae:9b:8a:bf,00:c1:b1:14:eb:31,192.168.10.16,56992,172.217.9.226,443,6,3.819013,9,6,3,763,519,244,2.094782,sSEfF,3.819013
00:23:ae:9b:8a:bf,00:c1:b1:14:eb:31,192.168.10.16,54986,172.217.11.35,443,6,4.822664,10,6,4,829,519,310,1.866189,sSEfF,4.822664
00:23:ae:9b:8a:bf,00:c1:b1:14:eb:31,192.168.10.16,33126,52.84.142.16,443,6,2.800357,9,6,3,763,519,244,2.856779,sSEfF,2.800357
00:23:ae:9b:8a:bf,00:c1:b1:14:eb:31,192.168.10.16,52178,172.217.10.66,443,6,3.819321,9,6,3,763,519,244,2.094613,sSEfF,3.819321
00:23:ae:9b:8a:bf,00:c1:b1:14:eb:31,192.168.10.16,50528,72.21.91.29,80,6,1.945666,10,6,4,3142,1278,1864,4.625666,sSE,1.945666
00:23:ae:9b:8a:bf,00:c1:b1:14:eb:31,192.168.10.16,52878,23.15.155.27,80,6,0.560622,6,4,2,844,704,140,8.918666,sSE,0.560622
00:23:ae:9b:8a:bf,00:c1:b1:14:eb:31,192.168.10.16,52884,23.15.155.27,80,6,0.527507,6,4,2,844,704,140,9.478547,sSE,0.527507
00:23:ae:9b:8a:bf,00:c1:b1:14:eb:31,192.168.10.16,43812,54.197.238.119,443,6,0.521566,16,9,7,6087,1632,4455,28.759544,sSE,0.521566
b8:ac:6f:36:0b:a8,00:c1:b1:14:eb:31,192.168.10.51,32958,173.241.242.143,443,6,3.679203,16,7,9,1091,426,665,4.076970,sSEfFR,3.679203
00:23:ae:9b:8a:bf,00:c1:b1:14:eb:31,192.168.10.16,52888,23.15.155.27,80,6,0.274373,3,2,1,214,140,74,7.289347,sSE,0.274373
b8:ac:6f:36:0a:8b,00:c1:b1:14:eb:31,192.168.10.5,51849,52.72.49.160,443,6,0.154950,11,6,5,1659,1171,488,64.536949,sSE,0.154950
b8:ac:6f:36:0a:8b,00:c1:b1:14:eb:31,192.168.10.5,51850,52.72.49.160,443,6,0.161731,12,6,6,2958,1171,1787,68.014168,sSE,0.161731
b8:ac:6f:36:0a:8b,18:66:da:9b:e3:7d,192.168.10.5,64797,192.168.10.3,53,17,0.031233,4,2,2,690,154,536,96.052254,CON,0.031233
18:66:da:9b:e3:7d,00:c1:b1:14:eb:31,192.168.10.3,62475,192.168.10.1,53,17,0.030727,2,1,1,374,123,251,32.544666,CON,0.030727
b8:ac:6f:36:0a:8b,00:c1:b1:14:eb:31,192.168.10.5,51851,52.5.124.20,443,6,0.236048,16,8,8,7820,1963,5857,63.546398,sSE,0.236048
b8:ac:6f:36:0a:8b,00:c1:b1:14:eb:31,192.168.10.5,51852,52.72.49.160,443,6,0.190343,8,4,4,909,524,385,36.775715,sSE,0.190343
b8:ac:6f:36:0a:8b,00:c1:b1:14:eb:31,192.168.10.5,51853,52.72.49.160,443,6,0.189663,8,4,4,909,524,385,36.907570,sSE,0.189663
b8:ac:6f:36:0b:a8,00:c1:b1:14:eb:31,192.168.10.51,59264,172.217.10.130,443,6,0.036697,2,1,1,132,66,66,27.250183,sSE,0.036697
b8:ac:6f:36:0b:a8,00:c1:b1:14:eb:31,192.168.10.51,37254,172.217.10.132,443,6,0.036676,2,1,1,132,66,66,27.265787,sSE,0.036676
b8:ac:6f:36:0b:a8,00:c1:b1:14:eb:31,192.168.10.51,49688,152.163.56.2,443,6,0.028522,2,1,1,120,60,60,35.060654,sSE,0.028522
b8:ac:6f:36:0a:8b,00:c1:b1:14:eb:31,192.168.10.5,51839,50.17.216.242,443,6,0.000000,2,1,1,145,60,85,0.000000,sSE,0.000000
b8:ac:6f:36:0b:a8,00:c1:b1:14:eb:31,192.168.10.51,52702,23.208.217.175,443,6,0.038578,2,1,1,132,66,66,25.921509,sSE,0.038578
00:23:ae:9b:8a:bf,18:66:da:9b:e3:7d,192.168.10.16,36578,192.168.10.3,53,17,0.030748,4,2,2,348,142,206,97.567322,CON,0.030748
00:23:ae:9b:8a:bf,18:66:da:9b:e3:7d,192.168.10.16,27198,192.168.10.3,53,17,0.000221,4,2,2,410,142,268,13574.661133,CON,0.000221
18:66:da:9b:e3:7d,00:c1:b1:14:eb:31,192.168.10.3,60495,192.168.10.1,53,17,0.030320,2,1,1,196,82,114,32.981529,CON,0.030320
b8:ac:6f:36:07:ee,00:c1:b1:14:eb:31,192.168.10.14,51691,204.2.255.234,443,6,0.069505,2,1,1,120,60,60,14.387454,sSE,0.069505
00:23:ae:9b:8a:bf,00:c1:b1:14:eb:31,192.168.10.16,42518,104.16.3.9,443,6,0.119005,13,7,6,5415,703,4712,100.836098,sSE,0.119005
00:23:ae:9b:8a:bf,00:c1:b1:14:eb:31,192.168.10.16,42520,104.16.3.9,443,6,0.131005,13,7,6,5415,703,4712,91.599556,sSE,0.131005
00:23:ae:9b:8a:bf,18:66:da:9b:e3:7d,192.168.10.16,28387,192.168.10.3,53,17,0.000208,4,2,2,404,164,240,14423.077148,CON,0.000208
00:23:ae:9b:8a:bf,18:66:da:9b:e3:7d,192.168.10.16,39582,192.168.10.3,53,17,0.030597,4,2,2,372,164,208,98.048828,CON,0.030597
18:66:da:9b:e3:7d,00:c1:b1:14:eb:31,192.168.10.3,60876,192.168.10.1,53,17,0.030209,2,1,1,267,101,166,33.102718,CON,0.030209
00:23:ae:9b:8a:bf,18:66:da:9b:e3:7d,192.168.10.16,11566,192.168.10.3,53,17,0.048875,4,2,2,452,162,290,61.381073,CON,0.048875
00:23:ae:9b:8a:bf,18:66:da:9b:e3:7d,192.168.10.16,62764,192.168.10.3,53,17,0.048432,4,2,2,504,162,342,61.942516,CON,0.048432
18:66:da:9b:e3:7d,00:c1:b1:14:eb:31,192.168.10.3,60302,192.168.10.1,53,17,0.048457,2,1,1,248,92,156,20.636852,CON,0.048457
18:66:da:9b:e3:7d,00:c1:b1:14:eb:31,192.168.10.3,60142,192.168.10.1,53,17,0.048027,2,1,1,274,92,182,20.821621,CON,0.048027
b8:ac:6f:36:07:ee,00:c1:b1:14:eb:31,192.168.10.14,51739,52.40.24.51,443,6,0.082638,2,1,1,120,60,60,12.100970,sSE,0.082638
00:23:ae:9b:8a:bf,18:66:da:9b:e3:7d,192.168.10.16,42574,192.168.10.3,53,17,0.000108,4,2,2,404,164,240,27777.777344,CON,0.000108
00:23:ae:9b:8a:bf,18:66:da:9b:e3:7d,192.168.10.16,38396,192.168.10.3,53,17,0.023575,4,2,2,372,164,208,127.253441,CON,0.023575
18:66:da:9b:e3:7d,00:c1:b1:14:eb:31,192.168.10.3,62084,192.168.10.1,53,17,0.023192,2,1,1,267,101,166,43.118317,CON,0.023192
00:23:ae:9b:8a:bf,00:c1:b1:14:eb:31,192.168.10.16,49474,69.172.216.56,443,6,0.710097,49,30,19,26739,3483,23256,67.596397,sSEfF,0.710097
b8:ac:6f:36:07:ee,00:c1:b1:14:eb:31,192.168.10.14,51593,172.217.10.130,80,6,0.036642,2,1,1,126,60,66,27.291086,sSE,0.036642
00:23:ae:9b:8a:bf,00:c1:b1:14:eb:31,192.168.10.16,39498,151.101.193.69,443,6,0.091325,20,12,8,6181,1323,4858,208.048187,sSEfFR,0.091325
00:23:ae:9b:8a:bf,00:c1:b1:14:eb:31,192.168.10.16,39500,151.101.193.69,443,6,0.111890,19,11,8,6115,1257,4858,160.872284,sSEfR,0.111890
00:23:ae:9b:8a:bf,18:66:da:9b:e3:7d,192.168.10.16,54107,192.168.10.3,53,17,0.000186,4,2,2,492,144,348,16129.032227,CON,0.000186
00:23:ae:9b:8a:bf,18:66:da:9b:e3:7d,192.168.10.16,57124,192.168.10.3,53,17,0.000249,4,2,2,572,144,428,12048.192383,CON,0.000249
00:23:ae:9b:8a:bf,00:c1:b1:14:eb:31,192.168.10.16,52900,23.15.155.27,80,6,0.530887,6,4,2,831,691,140,9.418200,sSE,0.530887
00:23:ae:9b:8a:bf,00:c1:b1:14:eb:31,192.168.10.16,52902,23.15.155.27,80,6,0.266704,3,2,1,214,140,74,7.498950,sSE,0.266704
b8:ac:6f:36:0a:8b,00:c1:b1:14:eb:31,192.168.10.5,51795,104.16.15.15,443,6,0.015009,2,1,1,126,60,66,66.626694,sSE,0.015009
00:23:ae:9b:8a:bf,00:c1:b1:14:eb:31,192.168.10.16,48404,172.217.10.34,443,6,3.794315,10,6,4,829,519,310,2.371970,sSEfF,3.794315
00:23:ae:9b:8a:bf,00:c1:b1:14:eb:31,192.168.10.16,40178,172.217.10.33,443,6,3.794726,10,6,4,829,519,310,2.371713,sSEfF,3.794726
b8:ac:6f:36:0b:a8,00:c1:b1:14:eb:31,192.168.10.51,48370,104.196.13.90,443,6,0.054485,2,1,1,132,66,66,18.353676,sSE,0.054485
b8:ac:6f:36:0b:a8,00:c1:b1:14:eb:31,192.168.10.51,37261,23.61.187.27,80,6,0.036999,2,1,1,132,66,66,27.027760,sSE,0.036999
b8:ac:6f:36:0b:a8,00:c1:b1:14:eb:31,192.168.10.51,47361,34.204.151.125,443,6,0.050493,2,1,1,132,66,66,19.804726,sSE,0.050493
b8:ac:6f:36:07:ee,00:c1:b1:14:eb:31,192.168.10.14,51542,72.21.91.29,80,6,0.023686,2,1,1,126,60,66,42.219032,sSE,0.023686
b8:ac:6f:36:0b:a8,00:c1:b1:14:eb:31,192.168.10.51,35798,8.43.72.21,443,6,0.034935,2,1,1,120,60,60,28.624588,sSE,0.034935
00:23:ae:9b:8a:bf,00:c1:b1:14:eb:31,192.168.10.16,52904,23.15.155.27,80,6,0.265525,3,2,1,214,140,74,7.532247,sSE,0.265525
b8:ac:6f:36:07:ee,00:c1:b1:14:eb:31,192.168.10.14,51708,8.43.72.98,443,6,0.034624,2,1,1,126,60,66,28.881701,sSE,0.034624
b8:ac:6f:36:07:ee,00:c1:b1:14:eb:31,192.168.10.14,51709,8.43.72.98,443,6,0.035260,2,1,1,126,60,66,28.360750,sSE,0.035260
b8:ac:6f:36:07:ee,00:c1:b1:14:eb:31,192.168.10.14,51711,8.43.72.98,443,6,0.035289,2,1,1,126,60,66,28.337442,sSE,0.035289
b8:ac:6f:36:07:ee,00:c1:b1:14:eb:31,192.168.10.14,51704,149.174.66.131,443,6,0.094029,2,1,1,120,60,60,10.635016,sSE,0.094029
b8:ac:6f:36:0a:8b,00:c1:b1:14:eb:31,192.168.10.5,51802,198.232.125.113,443,6,0.019480,7,3,4,485,180,305,308.008209,sSEfF,0.019480
b8:ac:6f:36:07:ee,00:c1:b1:14:eb:31,192.168.10.14,51742,52.84.145.148,443,6,0.022275,2,1,1,126,60,66,44.893375,sSE,0.022275
b8:ac:6f:36:0a:8b,18:66:da:9b:e3:7d,192.168.10.5,62594,192.168.10.3,53,17,0.061812,4,2,2,442,168,274,48.534267,CON,0.061812
18:66:da:9b:e3:7d,00:c1:b1:14:eb:31,192.168.10.3,60271,192.168.10.1,53,17,0.061518,2,1,1,243,95,148,16.255405,CON,0.061518
b8:ac:6f:36:0b:a8,00:c1:b1:14:eb:31,192.168.10.51,54774,52.84.143.97,80,6,0.022197,2,1,1,132,66,66,45.051132,sSE,0.022197
00:23:ae:9b:ad:b3,00:c1:b1:14:eb:31,192.168.10.19,34681,104.31.0.161,80,6,0.014861,12,5,7,6964,300,6664,740.192444,sSE,0.014861
b8:ac:6f:36:07:ee,00:c1:b1:14:eb:31,192.168.10.14,51740,52.84.145.109,443,6,0.022108,2,1,1,126,60,66,45.232494,sSE,0.022108
b8:ac:6f:36:0b:a8,00:c1:b1:14:eb:31,192.168.10.51,58565,52.44.168.204,443,6,0.050744,2,1,1,132,66,66,19.706762,sSE,0.050744
b8:ac:6f:36:08:f5,18:66:da:9b:e3:7d,192.168.10.8,123,192.168.10.3,123,17,0.000014,4,2,2,360,180,180,214285.718750,CON,0.000014
00:23:ae:9b:8a:bf,18:66:da:9b:e3:7d,192.168.10.16,52245,192.168.10.3,53,17,0.000265,4,2,2,372,148,224,11320.753906,CON,0.000265
00:23:ae:9b:8a:bf,18:66:da:9b:e3:7d,192.168.10.16,36298,192.168.10.3,53,17,0.031210,4,2,2,340,148,192,96.123039,CON,0.031210
18:66:da:9b:e3:7d,00:c1:b1:14:eb:31,192.168.10.3,60266,192.168.10.1,53,17,0.030738,2,1,1,251,93,158,32.533020,CON,0.030738
b8:ac:6f:36:07:ee,00:c1:b1:14:eb:31,192.168.10.14,51590,172.217.9.226,80,6,0.036759,2,1,1,126,60,66,27.204222,sSE,0.036759
00:23:ae:9b:8a:bf,00:c1:b1:14:eb:31,192.168.10.16,49486,69.172.216.56,443,6,0.117979,16,8,8,5789,1179,4610,127.141273,sSEfF,0.117979
00:23:ae:9b:8a:bf,00:c1:b1:14:eb:31,192.168.10.16,42062,199.166.0.200,443,6,0.208106,20,11,9,6556,2303,4253,91.299629,sSEfF,0.208106
00:23:ae:9b:8a:bf,00:c1:b1:14:eb:31,192.168.10.16,42064,199.166.0.200,443,6,0.118406,14,8,6,5859,853,5006,109.791733,sSE,0.118406
b8:ac:6f:36:0b:a8,00:c1:b1:14:eb:31,192.168.10.51,54766,172.217.11.8,443,6,0.036221,2,1,1,132,66,66,27.608292,sSE,0.036221
00:23:ae:9b:8a:bf,00:c1:b1:14:eb:31,192.168.10.16,44162,69.172.216.111,443,6,0.132528,16,8,8,4760,861,3899,113.183624,sSEfF,0.132528
00:23:ae:9b:8a:bf,00:c1:b1:14:eb:31,192.168.10.16,44106,178.255.83.1,80,6,0.094208,10,5,5,1973,776,1197,95.533287,sSEfF,0.094208
00:23:ae:9b:8a:bf,18:66:da:9b:e3:7d,192.168.10.16,14846,192.168.10.3,53,17,0.091010,4,2,2,442,144,298,32.963413,CON,0.091010
00:23:ae:9b:8a:bf,18:66:da:9b:e3:7d,192.168.10.16,42189,192.168.10.3,53,17,0.110916,4,2,2,466,144,322,27.047495,CON,0.110916
18:66:da:9b:e3:7d,00:c1:b1:14:eb:31,192.168.10.3,60397,192.168.10.1,53,17,0.090676,2,1,1,243,83,160,11.028276,CON,0.090676
18:66:da:9b:e3:7d,00:c1:b1:14:eb:31,192.168.10.3,60540,192.168.10.1,53,17,0.110592,2,1,1,255,83,172,9.042245,CON,0.110592
00:23:ae:9b:8a:bf,00:c1:b1:14:eb:31,192.168.10.16,44108,178.255.83.1,80,6,0.095627,10,5,5,1973,776,1197,94.115677,sSEfF,0.095627
00:23:ae:9b:8a:bf,00:c1:b1:14:eb:31,192.168.10.16,44168,69.172.216.111,443,6,1.048451,15,8,7,1961,861,1100,13.353033,sSEfF,1.048451
00:23:ae:9b:8a:bf,00:c1:b1:14:eb:31,192.168.10.16,44112,178.255.83.1,80,6,3.450291,8,4,4,552,272,280,2.028814,sSEf,3.450291
00:23:ae:9b:8a:bf,00:c1:b1:14:eb:31,192.168.10.16,44114,178.255.83.1,80,6,3.650090,9,5,4,618,338,280,2.191727,sSEf,3.650090
b8:ac:6f:1d:1f:6c,18:66:da:9b:e3:7d,192.168.10.9,63265,192.168.10.3,53,17,0.122949,4,2,2,616,170,446,24.400362,CON,0.122949
18:66:da:9b:e3:7d,00:c1:b1:14:eb:31,192.168.10.3,61792,192.168.10.1,53,17,0.122321,2,1,1,330,96,234,8.175211,CON,0.122321
b8:ac:6f:36:07:ee,00:c1:b1:14:eb:31,192.168.10.14,51731,52.84.143.148,80,6,0.022142,2,1,1,126,60,66,45.163036,sSE,0.022142
b8:ac:6f:36:0a:8b,00:c1:b1:14:eb:31,192.168.10.5,51811,104.16.17.15,443,6,0.015161,2,1,1,126,60,66,65.958710,sSE,0.015161
b8:ac:6f:36:07:ee,00:c1:b1:14:eb:31,192.168.10.14,51729,52.84.143.148,80,6,0.022020,2,1,1,126,60,66,45.413261,sSE,0.022020
b8:ac:6f:36:0a:8b,00:c1:b1:14:eb:31,192.168.10.5,51809,104.16.17.15,443,6,0.015116,2,1,1,126,60,66,66.155067,sSE,0.015116
b8:ac:6f:36:0a:8b,00:c1:b1:14:eb:31,192.168.10.5,51810,104.16.17.15,443,6,0.015105,2,1,1,126,60,66,66.203247,sSE,0.015105
00:25:00:a8:c4:60,00:c1:b1:14:eb:31,192.168.10.25,49800,23.194.182.82,443,6,0.032775,5,3,2,398,229,169,122.044243,sSEfR,0.032775
00:23:ae:9b:8a:bf,00:c1:b1:14:eb:31,192.168.10.16,60932,31.13.69.193,443,6,1.519760,122,55,67,67154,7490,59664,79.617836,sSE,1.519760
b8:ac:6f:1d:1f:6c,18:66:da:9b:e3:7d,192.168.10.9,58530,192.168.10.3,53,17,0.000030,4,2,2,576,208,368,100000.000000,CON,0.000030
b8:ac:6f:1d:1f:6c,18:66:da:9b:e3:7d,192.168.10.9,56662,192.168.10.3,53,17,0.061824,4,2,2,696,208,488,48.524845,CON,0.061824
18:66:da:9b:e3:7d,00:c1:b1:14:eb:31,192.168.10.3,61456,192.168.10.1,53,17,0.061544,2,1,1,370,115,255,16.248537,CON,0.061544
b8:ac:6f:1d:1f:6c,00:c1:b1:14:eb:31,192.168.10.9,62668,104.17.239.25,443,6,0.089992,14,7,7,5715,1065,4650,144.457275,sSE,0.089992
b8:ac:6f:36:0a:8b,00:c1:b1:14:eb:31,192.168.10.5,51808,104.16.17.15,443,6,0.015062,2,1,1,126,60,66,66.392250,sSE,0.015062
b8:ac:6f:1d:1f:6c,00:c1:b1:14:eb:31,192.168.10.9,62669,104.17.239.25,80,6,0.680096,244,93,151,231885,8184,223701,357.302521,sSE,0.680096
00:23:ae:9b:8a:bf,18:66:da:9b:e3:7d,192.168.10.16,26723,192.168.10.3,53,17,0.131346,4,2,2,442,152,290,22.840437,CON,0.131346
00:23:ae:9b:8a:bf,18:66:da:9b:e3:7d,192.168.10.16,37187,192.168.10.3,53,17,0.230826,4,2,2,466,152,314,12.996802,CON,0.230826
18:66:da:9b:e3:7d,00:c1:b1:14:eb:31,192.168.10.3,61526,192.168.10.1,53,17,0.131005,2,1,1,243,87,156,7.633296,CON,0.131005
18:66:da:9b:e3:7d,00:c1:b1:14:eb:31,192.168.10.3,61337,192.168.10.1,53,17,0.230361,2,1,1,255,87,168,4.341012,CON,0.230361
b8:ac:6f:1d:1f:6c,00:c1:b1:14:eb:31,192.168.10.9,62670,104.17.239.25,80,6,0.607913,146,51,95,142385,4454,137931,238.520966,sSE,0.607913
b8:ac:6f:1d:1f:6c,18:66:da:9b:e3:7d,192.168.10.9,61482,192.168.10.3,53,17,0.030647,4,2,2,544,144,400,97.888863,CON,0.030647
18:66:da:9b:e3:7d,00:c1:b1:14:eb:31,192.168.10.3,60572,192.168.10.1,53,17,0.030255,2,1,1,294,83,211,33.052387,CON,0.030255
b8:ac:6f:1d:1f:6c,00:c1:b1:14:eb:31,192.168.10.9,62671,104.17.239.25,80,6,0.548773,58,31,27,39061,3218,35843,103.868088,sSE,0.548773
b8:ac:6f:1d:1f:6c,18:66:da:9b:e3:7d,192.168.10.9,54292,192.168.10.3,53,17,0.121479,4,2,2,538,144,394,24.695627,CON,0.121479
18:66:da:9b:e3:7d,00:c1:b1:14:eb:31,192.168.10.3,62522,192.168.10.1,53,17,0.121118,2,1,1,291,83,208,8.256411,CON,0.121118
b8:ac:6f:1d:1f:6c,18:66:da:9b:e3:7d,192.168.10.9,53793,192.168.10.3,53,17,0.060934,4,2,2,538,144,394,49.233597,CON,0.060934
18:66:da:9b:e3:7d,00:c1:b1:14:eb:31,192.168.10.3,61958,192.168.10.1,53,17,0.060472,2,1,1,291,83,208,16.536579,CON,0.060472
b8:ac:6f:1d:1f:6c,00:c1:b1:14:eb:31,192.168.10.9,62672,54.192.36.45,80,6,1.021764,5,3,2,324,192,132,3.914798,sSE,1.021764
b8:ac:6f:1d:1f:6c,00:c1:b1:14:eb:31,192.168.10.9,62673,54.192.36.45,80,6,0.280084,7,4,3,1186,526,660,21.422144,sSE,0.280084
b8:ac:6f:1d:1f:6c,00:c1:b1:14:eb:31,192.168.10.9,62674,104.17.239.25,80,6,1.885059,212,91,121,184452,8467,175985,111.932838,sSE,1.885059
b8:ac:6f:1d:1f:6c,00:c1:b1:14:eb:31,192.168.10.9,62675,104.17.239.25,80,6,0.555430,95,37,58,87016,3561,83455,169.238251,sSE,0.555430
b8:ac:6f:1d:1f:6c,00:c1:b1:14:eb:31,192.168.10.9,62676,104.17.239.25,80,6,0.554644,102,50,52,78217,4329,73888,182.098785,sSE,0.554644
b8:ac:6f:1d:1f:6c,18:66:da:9b:e3:7d,192.168.10.9,52115,192.168.10.3,53,17,0.090621,4,2,2,538,144,394,33.104908,CON,0.090621
18:66:da:9b:e3:7d,00:c1:b1:14:eb:31,192.168.10.3,61574,192.168.10.1,53,17,0.090157,2,1,1,291,83,208,11.091762,CON,0.090157
b8:ac:6f:1d:1f:6c,18:66:da:9b:e3:7d,192.168.10.9,54748,192.168.10.3,53,17,0.060479,4,2,2,538,144,394,49.603996,CON,0.060479
18:66:da:9b:e3:7d,00:c1:b1:14:eb:31,192.168.10.3,60671,192.168.10.1,53,17,0.060075,2,1,1,291,83,208,16.645859,CON,0.060075
b8:ac:6f:1d:1f:6c,18:66:da:9b:e3:7d,192.168.10.9,59714,192.168.10.3,53,17,0.091829,4,2,2,538,144,394,32.669418,CON,0.091829
18:66:da:9b:e3:7d,00:c1:b1:14:eb:31,192.168.10.3,61822,192.168.10.1,53,17,0.091558,2,1,1,291,83,208,10.922038,CON,0.091558
b8:ac:6f:1d:1f:6c,18:66:da:9b:e3:7d,192.168.10.9,58971,192.168.10.3,53,17,0.000288,4,2,2,544,144,400,10416.666016,CON,0.000288
b8:ac:6f:1d:1f:6c,18:66:da:9b:e3:7d,192.168.10.9,50594,192.168.10.3,53,17,0.032253,4,2,2,344,172,172,93.014603,CON,0.032253
b8:ac:6f:1d:1f:6c,18:66:da:9b:e3:7d,192.168.10.9,64292,192.168.10.3,53,17,0.031102,4,2,2,458,144,314,96.456818,CON,0.031102
18:66:da:9b:e3:7d,00:c1:b1:14:eb:31,192.168.10.3,60159,192.168.10.1,53,17,0.032063,2,1,1,194,97,97,31.188597,CON,0.032063
18:66:da:9b:e3:7d,00:c1:b1:14:eb:31,192.168.10.3,60167,192.168.10.1,53,17,0.030768,2,1,1,251,83,168,32.501301,CON,0.030768
b8:ac:6f:36:0b:a8,00:c1:b1:14:eb:31,192.168.10.51,51509,107.21.127.106,443,6,0.050814,2,1,1,132,66,66,19.679617,sSE,0.050814
b8:ac:6f:36:0b:a8,00:c1:b1:14:eb:31,192.168.10.51,51510,107.21.127.106,443,6,0.050307,2,1,1,132,66,66,19.877951,sSE,0.050307
b8:ac:6f:1d:1f:6c,18:66:da:9b:e3:7d,192.168.10.9,60218,192.168.10.3,53,17,0.000221,4,2,2,524,182,342,13574.661133,CON,0.000221
b8:ac:6f:1d:1f:6c,18:66:da:9b:e3:7d,192.168.10.9,58202,192.168.10.3,53,17,0.033441,4,2,2,644,182,462,89.710236,CON,0.033441
18:66:da:9b:e3:7d,00:c1:b1:14:eb:31,192.168.10.3,60303,192.168.10.1,53,17,0.033011,2,1,1,344,102,242,30.292933,CON,0.033011
b8:ac:6f:1d:1f:6c,18:66:da:9b:e3:7d,192.168.10.9,64524,192.168.10.3,53,17,0.000236,4,2,2,524,182,342,12711.864258,CON,0.000236
b8:ac:6f:1d:1f:6c,18:66:da:9b:e3:7d,192.168.10.9,63554,192.168.10.3,53,17,0.033894,4,2,2,644,182,462,88.511246,CON,0.033894
18:66:da:9b:e3:7d,00:c1:b1:14:eb:31,192.168.10.3,60213,192.168.10.1,53,17,0.033431,2,1,1,344,102,242,29.912355,CON,0.033431
b8:ac:6f:1d:1f:6c,00:c1:b1:14:eb:31,192.168.10.9,62677,104.17.52.121,80,6,0.121322,33,13,20,27628,1108,26520,263.760895,sSE,0.121322
b8:ac:6f:1d:1f:6c,18:66:da:9b:e3:7d,192.168.10.9,57002,192.168.10.3,53,17,0.000205,4,2,2,524,182,342,14634.146484,CON,0.000205
b8:ac:6f:1d:1f:6c,18:66:da:9b:e3:7d,192.168.10.9,51735,192.168.10.3,53,17,0.062821,4,2,2,644,182,462,47.754730,CON,0.062821
18:66:da:9b:e3:7d,00:c1:b1:14:eb:31,192.168.10.3,60871,192.168.10.1,53,17,0.062369,2,1,1,344,102,242,16.033606,CON,0.062369
b8:ac:6f:1d:1f:6c,18:66:da:9b:e3:7d,192.168.10.9,52882,192.168.10.3,53,17,0.000206,4,2,2,524,182,342,14563.107422,CON,0.000206
b8:ac:6f:1d:1f:6c,18:66:da:9b:e3:7d,192.168.10.9,61289,192.168.10.3,53,17,0.063211,4,2,2,644,182,462,47.460094,CON,0.063211
18:66:da:9b:e3:7d,00:c1:b1:14:eb:31,192.168.10.3,60756,192.168.10.1,53,17,0.062952,2,1,1,344,102,242,15.885119,CON,0.062952
b8:ac:6f:1d:1f:6c,18:66:da:9b:e3:7d,192.168.10.9,61269,192.168.10.3,53,17,0.000195,4,2,2,524,182,342,15384.615234,CON,0.000195
b8:ac:6f:1d:1f:6c,00:c1:b1:14:eb:31,192.168.10.9,62678,104.17.52.121,80,6,1.797852,420,188,232,358987,12033,346954,233.055893,sSE,1.797852
b8:ac:6f:1d:1f:6c,00:c1:b1:14:eb:31,192.168.10.9,62679,104.17.52.121,80,6,0.090072,18,9,9,10381,926,9455,188.737900,sSE,0.090072
b8:ac:6f:1d:1f:6c,00:c1:b1:14:eb:31,192.168.10.9,62680,104.17.55.121,80,6,1.901981,813,280,533,820065,18780,801285,426.923309,sSE,1.901981
b8:ac:6f:1d:1f:6c,18:66:da:9b:e3:7d,192.168.10.9,49277,192.168.10.3,53,17,0.061656,4,2,2,644,182,462,48.657066,CON,0.061656
18:66:da:9b:e3:7d,00:c1:b1:14:eb:31,192.168.10.3,62538,192.168.10.1,53,17,0.061199,2,1,1,344,102,242,16.340137,CON,0.061199
b8:ac:6f:1d:1f:6c,00:c1:b1:14:eb:31,192.168.10.9,62681,104.17.52.121,80,6,0.015339,3,2,1,192,126,66,130.386597,sSE,0.015339
b8:ac:6f:1d:1f:6c,00:c1:b1:14:eb:31,192.168.10.9,62682,104.17.52.121,80,6,2.018248,74,39,35,51952,3545,48407,36.169983,sSE,2.018248
b8:ac:6f:1d:1f:6c,00:c1:b1:14:eb:31,192.168.10.9,62683,104.17.52.121,80,6,1.692649,55,31,24,35769,2614,33155,31.902657,sSE,1.692649
b8:ac:6f:1d:1f:6c,00:c1:b1:14:eb:31,192.168.10.9,62684,104.17.52.121,80,6,0.082341,20,8,12,15798,839,14959,230.747742,sSE,0.082341
b8:ac:6f:1d:1f:6c,00:c1:b1:14:eb:31,192.168.10.9,62685,104.17.52.121,80,6,0.015256,3,2,1,192,126,66,131.095963,sSE,0.015256
b8:ac:6f:1d:1f:6c,00:c1:b1:14:eb:31,192.168.10.9,62686,104.17.52.121,80,6,1.789866,57,32,25,37455,2674,34781,31.287258,sSE,1.789866
b8:ac:6f:1d:1f:6c,00:c1:b1:14:eb:31,192.168.10.9,62687,104.17.52.121,80,6,0.168653,71,26,45,67092,1895,65197,415.053406,sSE,0.168653
b8:ac:6f:1d:1f:6c,00:c1:b1:14:eb:31,192.168.10.9,62688,104.17.52.121,80,6,1.789309,1351,449,902,1387479,28037,1359442,754.481201,sSE,1.789309
b8:ac:6f:1d:1f:6c,00:c1:b1:14:eb:31,192.168.10.9,62689,104.17.52.121,80,6,0.158196,66,24,42,62332,1793,60539,410.882690,sSE,0.158196
b8:ac:6f:36:0b:a8,00:c1:b1:14:eb:31,192.168.10.51,50822,151.101.2.2,443,6,0.015212,2,1,1,132,66,66,65.737572,sSE,0.015212
00:23:ae:9b:8a:bf,00:c1:b1:14:eb:31,192.168.10.16,60934,31.13.69.193,443,6,0.254218,16,8,8,1996,1035,961,59.004475,sSEfF,0.254218
00:23:ae:9b:8a:bf,00:c1:b1:14:eb:31,192.168.10.16,60936,31.13.69.193,443,6,0.186764,20,9,11,5925,1101,4824,101.732666,sSEfF,0.186764
00:23:ae:9b:8a:bf,00:c1:b1:14:eb:31,192.168.10.16,60938,31.13.69.193,443,6,0.186989,20,9,11,5925,1101,4824,101.610260,sSEfF,0.186989
00:23:ae:9b:8a:bf,18:66:da:9b:e3:7d,192.168.10.16,15823,192.168.10.3,53,17,0.032009,4,2,2,446,146,300,93.723633,CON,0.032009
00:23:ae:9b:8a:bf,18:66:da:9b:e3:7d,192.168.10.16,26591,192.168.10.3,53,17,0.060490,4,2,2,470,146,324,49.594975,CON,0.060490
18:66:da:9b:e3:7d,00:c1:b1:14:eb:31,192.168.10.3,60292,192.168.10.1,53,17,0.031473,2,1,1,245,84,161,31.773266,CON,0.031473
18:66:da:9b:e3:7d,00:c1:b1:14:eb:31,192.168.10.3,62001,192.168.10.1,53,17,0.059746,2,1,1,257,84,173,16.737522,CON,0.059746
b8:ac:6f:36:0a:8b,00:c1:b1:14:eb:31,192.168.10.5,51534,104.16.88.26,443,6,0.015558,7,3,4,469,180,289,385.653687,EfF,0.015558
b8:ac:6f:1d:1f:6c,18:66:da:9b:e3:7d,192.168.10.9,64850,192.168.10.3,53,17,0.036780,4,2,2,344,172,172,81.566071,CON,0.036780
18:66:da:9b:e3:7d,00:c1:b1:14:eb:31,192.168.10.3,60860,192.168.10.1,53,17,0.036295,2,1,1,194,97,97,27.552004,CON,0.036295
b8:ac:6f:1d:1f:6c,18:66:da:9b:e3:7d,192.168.10.9,54289,192.168.10.3,53,17,0.048973,4,2,2,450,170,280,61.258244,CON,0.048973
18:66:da:9b:e3:7d,00:c1:b1:14:eb:31,192.168.10.3,61945,192.168.10.1,53,17,0.048607,2,1,1,247,96,151,20.573170,CON,0.048607
b8:ac:6f:1d:1f:6c,00:c1:b1:14:eb:31,192.168.10.9,62690,104.17.56.121,80,6,1.708359,59,30,29,41188,3334,37854,33.950710,sSE,1.708359
b8:ac:6f:1d:1f:6c,00:c1:b1:14:eb:31,192.168.10.9,62691,104.17.56.121,80,6,1.707639,157,56,101,151329,4512,146817,91.354202,sSE,1.707639
00:23:ae:9b:8a:bf,00:c1:b1:14:eb:31,192.168.10.16,60940,31.13.69.193,443,6,0.257161,20,9,11,5922,1098,4824,73.883682,sSEfF,0.257161
00:23:ae:9b:8a:bf,00:c1:b1:14:eb:31,192.168.10.16,60942,31.13.69.193,443,6,0.257243,20,9,11,5922,1098,4824,73.860123,sSEfF,0.257243
00:23:ae:9b:8a:bf,00:c1:b1:14:eb:31,192.168.10.16,60944,31.13.69.193,443,6,0.290090,21,12,9,3199,1309,1890,68.944122,sSEfR,0.290090
b8:ac:6f:1d:1f:6c,18:66:da:9b:e3:7d,192.168.10.9,57363,192.168.10.3,53,17,0.059814,4,2,2,466,172,294,50.155483,CON,0.059814
18:66:da:9b:e3:7d,00:c1:b1:14:eb:31,192.168.10.3,61547,192.168.10.1,53,17,0.059403,2,1,1,255,97,158,16.834167,CON,0.059403
b8:ac:6f:1d:1f:6c,00:c1:b1:14:eb:31,192.168.10.9,62692,104.17.55.121,80,6,1.812008,73,28,45,66535,3224,63311,39.734924,sSE,1.812008
b8:ac:6f:1d:1f:6c,00:c1:b1:14:eb:31,192.168.10.9,62693,104.17.54.121,80,6,1.620882,466,179,287,439338,12278,427060,286.880829,sSE,1.620882
b8:ac:6f:1d:1f:6c,00:c1:b1:14:eb:31,192.168.10.9,62694,104.17.54.121,80,6,0.228834,62,28,34,50545,2029,48516,266.568787,sSE,0.228834
b8:ac:6f:1d:1f:6c,00:c1:b1:14:eb:31,192.168.10.9,62695,104.17.54.121,80,6,0.256091,68,29,39,57995,2083,55912,261.625763,sSE,0.256091
b8:ac:6f:1d:1f:6c,00:c1:b1:14:eb:31,192.168.10.9,62696,104.17.54.121,80,6,1.570507,188,68,120,183349,5634,177715,119.069824,sSE,1.570507
b8:ac:6f:36:0a:8b,00:c1:b1:14:eb:31,192.168.10.5,51800,104.16.14.15,443,6,0.014974,2,1,1,126,60,66,66.782425,sSE,0.014974
b8:ac:6f:36:0b:a8,00:c1:b1:14:eb:31,192.168.10.51,43502,184.73.240.254,443,6,0.054141,2,1,1,132,66,66,18.470291,sSE,0.054141
b8:ac:6f:36:0a:8b,00:c1:b1:14:eb:31,192.168.10.5,51797,104.16.14.15,443,6,0.029566,2,1,1,126,60,66,33.822636,sSE,0.029566
b8:ac:6f:36:0a:8b,00:c1:b1:14:eb:31,192.168.10.5,51801,104.16.14.15,443,6,0.026261,2,1,1,126,60,66,38.079281,sSE,0.026261
b8:ac:6f:1d:1f:6c,18:66:da:9b:e3:7d,192.168.10.9,54716,192.168.10.3,53,17,0.036868,4,2,2,456,168,288,81.371384,CON,0.036868
18:66:da:9b:e3:7d,00:c1:b1:14:eb:31,192.168.10.3,60466,192.168.10.1,53,17,0.036230,2,1,1,224,104,120,27.601435,CON,0.036230
b8:ac:6f:1d:1f:6c,18:66:da:9b:e3:7d,192.168.10.9,49791,192.168.10.3,53,17,0.000139,4,2,2,404,186,218,21582.734375,CON,0.000139
00:23:ae:9b:ad:b3,00:c1:b1:14:eb:31,192.168.10.19,123,144.217.148.73,123,17,0.020590,2,1,1,180,90,90,48.567265,CON,0.020590
b8:ac:6f:1d:1f:6c,18:66:da:9b:e3:7d,192.168.10.9,50029,192.168.10.3,53,17,0.034021,4,2,2,428,186,242,88.180824,CON,0.034021
18:66:da:9b:e3:7d,00:c1:b1:14:eb:31,192.168.10.3,60289,192.168.10.1,53,17,0.033407,2,1,1,236,104,132,29.933847,CON,0.033407
b8:ac:6f:36:07:ee,00:c1:b1:14:eb:31,192.168.10.14,51566,74.119.118.74,80,6,0.000000,1,0,1,60,0,60,0.000000,sSER,0.000000
b8:ac:6f:36:0b:a8,00:c1:b1:14:eb:31,192.168.10.51,54757,52.84.136.77,443,6,0.023173,2,1,1,132,66,66,43.153667,sSE,0.023173
b8:ac:6f:1d:1f:6c,00:c1:b1:14:eb:31,192.168.10.9,62697,172.217.11.8,80,6,0.037238,3,2,1,192,126,66,53.708576,sSE,0.037238
b8:ac:6f:1d:1f:6c,00:c1:b1:14:eb:31,192.168.10.9,62698,172.217.11.8,80,6,0.130571,15,11,4,4056,962,3094,107.221367,sSE,0.130571
b8:ac:6f:1d:1f:6c,00:c1:b1:14:eb:31,192.168.10.9,62699,172.217.9.226,80,6,0.075608,6,4,2,662,536,126,66.130569,sSE,0.075608
b8:ac:6f:1d:1f:6c,18:66:da:9b:e3:7d,192.168.10.9,51946,192.168.10.3,53,17,0.090642,4,2,2,442,162,280,33.097240,CON,0.090642
b8:ac:6f:1d:1f:6c,18:66:da:9b:e3:7d,192.168.10.9,55831,192.168.10.3,53,17,0.042692,4,2,2,344,172,172,70.270782,CON,0.042692
b8:ac:6f:1d:1f:6c,18:66:da:9b:e3:7d,192.168.10.9,58853,192.168.10.3,53,17,0.049109,4,2,2,466,172,294,61.088596,CON,0.049109
18:66:da:9b:e3:7d,00:c1:b1:14:eb:31,192.168.10.3,60886,192.168.10.1,53,17,0.090235,2,1,1,243,92,151,11.082174,CON,0.090235
18:66:da:9b:e3:7d,00:c1:b1:14:eb:31,192.168.10.3,61156,192.168.10.1,53,17,0.042362,2,1,1,194,97,97,23.606062,CON,0.042362
18:66:da:9b:e3:7d,00:c1:b1:14:eb:31,192.168.10.3,60234,192.168.10.1,53,17,0.048585,2,1,1,255,97,158,20.582483,CON,0.048585
b8:ac:6f:1d:1f:6c,18:66:da:9b:e3:7d,192.168.10.9,61191,192.168.10.3,53,17,0.000133,4,2,2,416,160,256,22556.392578,CON,0.000133
b8:ac:6f:1d:1f:6c,18:66:da:9b:e3:7d,192.168.10.9,64651,192.168.10.3,53,17,0.000181,4,2,2,356,162,194,16574.585938,CON,0.000181
b8:ac:6f:1d:1f:6c,18:66:da:9b:e3:7d,192.168.10.9,56013,192.168.10.3,53,17,0.031426,4,2,2,380,162,218,95.462349,CON,0.031426
18:66:da:9b:e3:7d,00:c1:b1:14:eb:31,192.168.10.3,62509,192.168.10.1,53,17,0.031089,2,1,1,212,92,120,32.165718,CON,0.031089
b8:ac:6f:1d:1f:6c,18:66:da:9b:e3:7d,192.168.10.9,51708,192.168.10.3,53,17,0.060574,4,2,2,504,158,346,49.526199,CON,0.060574
18:66:da:9b:e3:7d,00:c1:b1:14:eb:31,192.168.10.3,61280,192.168.10.1,53,17,0.060225,2,1,1,274,90,184,16.604401,CON,0.060225
b8:ac:6f:1d:1f:6c,18:66:da:9b:e3:7d,192.168.10.9,56181,192.168.10.3,53,17,0.030990,4,2,2,608,176,432,96.805420,CON,0.030990
18:66:da:9b:e3:7d,00:c1:b1:14:eb:31,192.168.10.3,62021,192.168.10.1,53,17,0.030535,2,1,1,326,99,227,32.749306,CON,0.030535
b8:ac:6f:1d:1f:6c,18:66:da:9b:e3:7d,192.168.10.9,51692,192.168.10.3,53,17,0.061280,4,2,2,422,160,262,48.955612,CON,0.061280
18:66:da:9b:e3:7d,00:c1:b1:14:eb:31,192.168.10.3,61397,192.168.10.1,53,17,0.060747,2,1,1,233,91,142,16.461718,CON,0.060747
b8:ac:6f:1d:1f:6c,18:66:da:9b:e3:7d,192.168.10.9,58037,192.168.10.3,53,17,0.076879,4,2,2,548,144,404,39.022358,CON,0.076879
18:66:da:9b:e3:7d,00:c1:b1:14:eb:31,192.168.10.3,62163,192.168.10.1,53,17,0.076451,2,1,1,296,83,213,13.080273,CON,0.076451
b8:ac:6f:36:0b:a8,00:c1:b1:14:eb:31,192.168.10.51,44956,151.101.0.65,443,6,0.015028,2,1,1,132,66,66,66.542458,sSE,0.015028
b8:ac:6f:1d:1f:6c,18:66:da:9b:e3:7d,192.168.10.9,59983,192.168.10.3,53,17,0.000085,4,2,2,416,170,246,35294.117188,CON,0.000085
b8:ac:6f:1d:1f:6c,00:c1:b1:14:eb:31,192.168.10.9,62700,54.192.36.71,80,6,0.298584,8,4,4,1759,565,1194,23.443989,sSE,0.298584
b8:ac:6f:1d:1f:6c,00:c1:b1:14:eb:31,192.168.10.9,62701,54.192.36.71,80,6,1.021828,5,3,2,324,192,132,3.914553,sSE,1.021828
b8:ac:6f:1d:1f:6c,18:66:da:9b:e3:7d,192.168.10.9,64375,192.168.10.3,53,17,0.000218,4,2,2,608,176,432,13761.467773,CON,0.000218
b8:ac:6f:1d:1f:6c,18:66:da:9b:e3:7d,192.168.10.9,58998,192.168.10.3,53,17,0.024099,4,2,2,526,176,350,124.486496,CON,0.024099
18:66:da:9b:e3:7d,00:c1:b1:14:eb:31,192.168.10.3,61008,192.168.10.1,53,17,0.023764,2,1,1,285,99,186,42.080460,CON,0.023764
b8:ac:6f:1d:1f:6c,00:c1:b1:14:eb:31,192.168.10.9,62702,104.88.108.223,80,6,0.023113,3,2,1,192,126,66,86.531395,sSE,0.023113
b8:ac:6f:1d:1f:6c,00:c1:b1:14:eb:31,192.168.10.9,62703,104.88.108.223,80,6,0.053129,9,4,5,4691,530,4161,150.576904,sSE,0.053129
b8:ac:6f:1d:1f:6c,18:66:da:9b:e3:7d,192.168.10.9,53177,192.168.10.3,53,17,0.000172,4,2,2,360,164,196,17441.861328,CON,0.000172
b8:ac:6f:1d:1f:6c,18:66:da:9b:e3:7d,192.168.10.9,52374,192.168.10.3,53,17,0.030601,4,2,2,450,164,286,98.036011,CON,0.030601
18:66:da:9b:e3:7d,00:c1:b1:14:eb:31,192.168.10.3,61801,192.168.10.1,53,17,0.030235,2,1,1,247,93,154,33.074253,CON,0.030235
b8:ac:6f:1d:1f:6c,18:66:da:9b:e3:7d,192.168.10.9,61416,192.168.10.3,53,17,0.000173,4,2,2,388,178,210,17341.041016,CON,0.000173
b8:ac:6f:1d:1f:6c,00:c1:b1:14:eb:31,192.168.10.9,62704,54.192.38.6,80,6,1.028344,5,3,2,324,192,132,3.889749,sSE,1.028344
b8:ac:6f:1d:1f:6c,00:c1:b1:14:eb:31,192.168.10.9,62705,54.192.38.6,80,6,0.073274,8,4,4,3689,535,3154,95.531837,sSE,0.073274
b8:ac:6f:36:0b:a8,00:c1:b1:14:eb:31,192.168.10.51,44824,50.19.125.134,443,6,0.050383,2,1,1,132,66,66,19.847963,sSE,0.050383
b8:ac:6f:1d:1f:6c,18:66:da:9b:e3:7d,192.168.10.9,59021,192.168.10.3,53,17,0.000172,4,2,2,518,178,340,17441.861328,CON,0.000172
b8:ac:6f:1d:1f:6c,18:66:da:9b:e3:7d,192.168.10.9,62892,192.168.10.3,53,17,0.000159,4,2,2,444,206,238,18867.923828,CON,0.000159
b8:ac:6f:1d:1f:6c,18:66:da:9b:e3:7d,192.168.10.9,50902,192.168.10.3,53,17,0.000150,4,2,2,356,162,194,20000.000000,CON,0.000150
b8:ac:6f:1d:1f:6c,18:66:da:9b:e3:7d,192.168.10.9,55442,192.168.10.3,53,17,0.030965,4,2,2,534,206,328,96.883575,CON,0.030965
18:66:da:9b:e3:7d,00:c1:b1:14:eb:31,192.168.10.3,61787,192.168.10.1,53,17,0.030644,2,1,1,289,114,175,32.632816,CON,0.030644
b8:ac:6f:1d:1f:6c,18:66:da:9b:e3:7d,192.168.10.9,65355,192.168.10.3,53,17,0.024243,4,2,2,446,162,284,123.747055,CON,0.024243
18:66:da:9b:e3:7d,00:c1:b1:14:eb:31,192.168.10.3,61629,192.168.10.1,53,17,0.023849,2,1,1,245,92,153,41.930481,CON,0.023849
b8:ac:6f:1d:1f:6c,00:c1:b1:14:eb:31,192.168.10.9,62706,151.101.20.175,80,6,2.765810,104,39,65,93125,3810,89315,37.240448,sSE,2.765810
b8:ac:6f:1d:1f:6c,00:c1:b1:14:eb:31,192.168.10.9,62707,151.101.20.249,80,6,0.023579,3,2,1,192,126,66,84.821243,sSE,0.023579
b8:ac:6f:36:0b:a8,00:c1:b1:14:eb:31,192.168.10.51,43215,104.88.109.24,443,6,0.023031,2,1,1,132,66,66,43.419739,sSE,0.023031
00:1e:4f:d4:ca:28,18:66:da:9b:e3:7d,192.168.10.15,64218,192.168.10.3,53,17,0.203549,6,4,2,646,308,338,24.564110,CON,0.203549
18:66:da:9b:e3:7d,00:c1:b1:14:eb:31,192.168.10.3,60593,192.168.10.1,53,17,0.202851,2,1,1,268,88,180,4.929727,CON,0.202851
b8:ac:6f:36:07:ee,00:c1:b1:14:eb:31,192.168.10.14,51606,183.79.215.138,80,6,0.192540,2,1,1,126,60,66,5.193726,sSE,0.192540
b8:ac:6f:36:0b:a8,00:c1:b1:14:eb:31,192.168.10.51,40901,172.217.12.174,443,6,0.036485,2,1,1,132,66,66,27.408524,sSE,0.036485
00:1e:4f:d4:ca:28,00:c1:b1:14:eb:31,192.168.10.15,50011,23.208.163.130,443,6,0.911855,17,9,8,7030,1203,5827,17.546650,sSE,0.911855
00:1e:4f:d4:ca:28,18:66:da:9b:e3:7d,192.168.10.15,58607,192.168.10.3,53,17,0.000007,4,2,2,360,164,196,428571.437500,CON,0.000007
00:1e:4f:d4:ca:28,18:66:da:9b:e3:7d,192.168.10.15,64612,192.168.10.3,53,17,0.031678,4,2,2,450,164,286,94.702950,CON,0.031678
18:66:da:9b:e3:7d,00:c1:b1:14:eb:31,192.168.10.3,60896,192.168.10.1,53,17,0.031240,2,1,1,247,93,154,32.010242,CON,0.031240
00:23:ae:9b:ad:b3,00:c1:b1:14:eb:31,192.168.10.19,34682,104.31.0.161,80,6,0.015028,2,1,1,120,60,60,66.542458,sSE,0.015028
18:66:da:9b:e3:7d,b8:ac:6f:36:0a:8b,192.168.10.3,,192.168.10.5,,2054,0.000079,4,2,2,240,120,120,37974.683594,CON,0.000079
00:1e:4f:d4:ca:28,18:66:da:9b:e3:7d,192.168.10.15,59380,192.168.10.3,53,17,0.023893,4,2,2,492,144,348,125.559784,CON,0.023893
18:66:da:9b:e3:7d,00:c1:b1:14:eb:31,192.168.10.3,62156,192.168.10.1,53,17,0.023456,2,1,1,265,106,159,42.633015,CON,0.023456
00:1e:4f:d4:ca:28,00:c1:b1:14:eb:31,192.168.10.15,50012,23.15.155.27,80,6,0.747639,6,4,2,791,671,120,6.687720,sSE,0.747639
00:1e:4f:d4:ca:28,18:66:da:9b:e3:7d,192.168.10.15,50122,192.168.10.3,53,17,0.000132,4,2,2,376,172,204,22727.273438,CON,0.000132
00:1e:4f:d4:ca:28,18:66:da:9b:e3:7d,192.168.10.15,63098,192.168.10.3,53,17,0.031958,4,2,2,456,172,284,93.873215,CON,0.031958
18:66:da:9b:e3:7d,00:c1:b1:14:eb:31,192.168.10.3,61068,192.168.10.1,53,17,0.031560,2,1,1,250,97,153,31.685678,CON,0.031560
18:66:da:9b:e3:7d,00:c1:b1:14:eb:31,192.168.10.3,62289,192.168.10.1,53,17,0.322780,2,1,1,160,80,80,3.098085,CON,0.322780
18:66:da:9b:e3:7d,00:c1:b1:14:eb:31,192.168.10.3,61088,192.168.10.1,53,17,0.265427,2,1,1,160,80,80,3.767514,CON,0.265427
b8:ac:6f:36:0a:8b,18:66:da:9b:e3:7d,192.168.10.5,,192.168.10.3,,2054,0.000006,4,2,2,240,120,120,499999.968750,CON,0.000006
b8:ac:6f:1d:1f:6c,18:66:da:9b:e3:7d,192.168.10.9,56717,192.168.10.3,53,17,0.061936,4,2,2,560,166,394,48.437096,CON,0.061936
18:66:da:9b:e3:7d,00:c1:b1:14:eb:31,192.168.10.3,60651,192.168.10.1,53,17,0.061457,2,1,1,214,91,123,16.271540,CON,0.061457
b8:ac:6f:1d:1f:6c,18:66:da:9b:e3:7d,192.168.10.9,57768,192.168.10.3,53,17,0.000184,4,2,2,444,180,264,16304.347656,CON,0.000184
b8:ac:6f:1d:1f:6c,18:66:da:9b:e3:7d,192.168.10.9,62969,192.168.10.3,53,17,0.000252,4,2,2,380,174,206,11904.761719,CON,0.000252
b8:ac:6f:1d:1f:6c,00:c1:b1:14:eb:31,192.168.10.9,62708,23.15.4.11,80,6,0.380309,7,4,3,1194,766,428,15.776646,sSE,0.380309
b8:ac:6f:1d:1f:6c,18:66:da:9b:e3:7d,192.168.10.9,61336,192.168.10.3,53,17,0.000169,4,2,2,384,160,224,17751.478516,CON,0.000169
b8:ac:6f:1d:1f:6c,18:66:da:9b:e3:7d,192.168.10.9,58257,192.168.10.3,53,17,0.000167,4,2,2,446,160,286,17964.070312,CON,0.000167
b8:ac:6f:1d:1f:6c,18:66:da:9b:e3:7d,192.168.10.9,61480,192.168.10.3,53,17,0.000220,4,2,2,568,156,412,13636.363281,CON,0.000220
b8:ac:6f:1d:1f:6c,00:c1:b1:14:eb:31,192.168.10.9,62709,23.21.83.14,80,6,0.363390,7,4,3,1217,830,387,16.511187,sSE,0.363390
b8:ac:6f:1d:1f:6c,18:66:da:9b:e3:7d,192.168.10.9,55786,192.168.10.3,53,17,0.000203,4,2,2,568,156,412,14778.325195,CON,0.000203
b8:ac:6f:1d:1f:6c,18:66:da:9b:e3:7d,192.168.10.9,51846,192.168.10.3,53,17,0.000887,4,2,2,486,156,330,3382.187256,CON,0.000887
18:66:da:9b:e3:7d,00:c1:b1:14:eb:31,192.168.10.3,62380,192.168.10.1,53,17,0.000492,2,1,1,265,89,176,2032.520264,CON,0.000492
b8:ac:6f:1d:1f:6c,00:c1:b1:14:eb:31,192.168.10.9,62710,23.21.83.14,80,6,0.050573,3,2,1,186,126,60,39.546795,sSE,0.050573
b8:ac:6f:1d:1f:6c,18:66:da:9b:e3:7d,192.168.10.9,58612,192.168.10.3,53,17,0.079006,4,2,2,502,178,324,37.971798,CON,0.079006
18:66:da:9b:e3:7d,00:c1:b1:14:eb:31,192.168.10.3,62516,192.168.10.1,53,17,0.078770,2,1,1,273,100,173,12.695189,CON,0.078770
b8:ac:6f:1d:1f:6c,18:66:da:9b:e3:7d,192.168.10.9,60635,192.168.10.3,53,17,0.032517,4,2,2,450,170,280,92.259430,CON,0.032517
18:66:da:9b:e3:7d,00:c1:b1:14:eb:31,192.168.10.3,62274,192.168.10.1,53,17,0.032116,2,1,1,247,96,151,31.137129,CON,0.032116
b8:ac:6f:1d:1f:6c,18:66:da:9b:e3:7d,192.168.10.9,65256,192.168.10.3,53,17,0.048318,4,2,2,480,174,306,62.088665,CON,0.048318
18:66:da:9b:e3:7d,00:c1:b1:14:eb:31,192.168.10.3,61575,192.168.10.1,53,17,0.048128,2,1,1,262,98,164,20.777925,CON,0.048128
b8:ac:6f:1d:1f:6c,18:66:da:9b:e3:7d,192.168.10.9,65055,192.168.10.3,53,17,0.063480,4,2,2,516,164,352,47.258980,CON,0.063480
18:66:da:9b:e3:7d,00:c1:b1:14:eb:31,192.168.10.3,62253,192.168.10.1,53,17,0.063115,2,1,1,202,93,109,15.844094,CON,0.063115
b8:ac:6f:1d:1f:6c,18:66:da:9b:e3:7d,192.168.10.9,63482,192.168.10.3,53,17,0.030943,4,2,2,444,168,276,96.952461,CON,0.030943
18:66:da:9b:e3:7d,00:c1:b1:14:eb:31,192.168.10.3,60714,192.168.10.1,53,17,0.030562,2,1,1,244,95,149,32.720371,CON,0.030562
b8:ac:6f:1d:1f:6c,18:66:da:9b:e3:7d,192.168.10.9,56699,192.168.10.3,53,17,0.031201,4,2,2,468,174,294,96.150764,CON,0.031201
b8:ac:6f:1d:1f:6c,18:66:da:9b:e3:7d,192.168.10.9,51023,192.168.10.3,53,17,0.000014,4,2,2,468,174,294,214285.718750,CON,0.000014
18:66:da:9b:e3:7d,00:c1:b1:14:eb:31,192.168.10.3,61030,192.168.10.1,53,17,0.031001,2,1,1,256,98,158,32.257023,CON,0.031001
b8:ac:6f:1d:1f:6c,18:66:da:9b:e3:7d,192.168.10.9,55137,192.168.10.3,53,17,0.116186,4,2,2,456,166,290,25.820667,CON,0.116186
18:66:da:9b:e3:7d,00:c1:b1:14:eb:31,192.168.10.3,62456,192.168.10.1,53,17,0.115758,2,1,1,250,94,156,8.638712,CON,0.115758
b8:ac:6f:1d:1f:6c,00:c1:b1:14:eb:31,192.168.10.9,62711,162.208.117.11,80,6,0.128409,9,5,4,1354,724,630,62.300930,sSEfF,0.128409
b8:ac:6f:1d:1f:6c,00:c1:b1:14:eb:31,192.168.10.9,62712,162.208.117.11,80,6,0.033707,3,2,1,192,126,66,59.334854,sSE,0.033707
b8:ac:6f:1d:1f:6c,18:66:da:9b:e3:7d,192.168.10.9,55261,192.168.10.3,53,17,0.000178,4,2,2,368,168,200,16853.931641,CON,0.000178
b8:ac:6f:1d:1f:6c,18:66:da:9b:e3:7d,192.168.10.9,62635,192.168.10.3,53,17,0.048469,4,2,2,448,168,280,61.895233,CON,0.048469
18:66:da:9b:e3:7d,00:c1:b1:14:eb:31,192.168.10.3,60329,192.168.10.1,53,17,0.048160,2,1,1,246,95,151,20.764118,CON,0.048160
b8:ac:6f:1d:1f:6c,00:c1:b1:14:eb:31,192.168.10.9,62713,23.194.182.6,80,6,0.207078,156,88,68,104042,5616,98426,748.510254,sSE,0.207078
b8:ac:6f:1d:1f:6c,00:c1:b1:14:eb:31,192.168.10.9,62714,23.194.182.6,80,6,0.023504,3,2,1,192,126,66,85.091896,sSE,0.023504
b8:ac:6f:1d:1f:6c,18:66:da:9b:e3:7d,192.168.10.9,55532,192.168.10.3,53,17,0.000200,4,2,2,360,164,196,15000.000000,CON,0.000200
b8:ac:6f:1d:1f:6c,18:66:da:9b:e3:7d,192.168.10.9,62922,192.168.10.3,53,17,0.023632,4,2,2,450,164,286,126.946518,CON,0.023632
18:66:da:9b:e3:7d,00:c1:b1:14:eb:31,192.168.10.3,62521,192.168.10.1,53,17,0.023407,2,1,1,247,93,154,42.722263,CON,0.023407
18:66:da:9b:e3:7d,00:23:ae:9b:8a:bf,192.168.10.3,,192.168.10.16,,2054,0.000008,4,2,2,240,120,120,375000.000000,CON,0.000008
b8:ac:6f:36:0b:a8,00:c1:b1:14:eb:31,192.168.10.51,36633,72.21.91.29,80,6,0.023692,2,1,1,132,66,66,42.208340,sSE,0.023692
b8:ac:6f:1d:1f:6c,00:c1:b1:14:eb:31,192.168.10.9,62715,104.17.55.121,80,6,0.162430,25,15,10,13224,1689,11535,147.755951,sSE,0.162430
b8:ac:6f:36:0a:8b,00:c1:b1:14:eb:31,192.168.10.5,51799,104.16.14.15,443,6,0.015924,2,1,1,126,60,66,62.798294,sSE,0.015924
b8:ac:6f:36:0a:8b,00:c1:b1:14:eb:31,192.168.10.5,51804,104.16.14.15,443,6,0.015918,2,1,1,126,60,66,62.821964,sSE,0.015918
b8:ac:6f:1d:1f:6c,00:c1:b1:14:eb:31,192.168.10.9,62716,104.17.55.121,80,6,0.218244,18,8,10,12265,893,11372,77.894463,sSE,0.218244
b8:ac:6f:1d:1f:6c,00:c1:b1:14:eb:31,192.168.10.9,62717,104.17.55.121,80,6,0.017085,3,2,1,192,126,66,117.061745,sSE,0.017085
b8:ac:6f:1d:1f:6c,00:c1:b1:14:eb:31,192.168.10.9,62718,104.17.56.121,80,6,0.017003,3,2,1,192,126,66,117.626305,sSE,0.017003
b8:ac:6f:1d:1f:6c,00:c1:b1:14:eb:31,192.168.10.9,62719,104.17.56.121,80,6,0.017002,3,2,1,192,126,66,117.633224,sSE,0.017002
b8:ac:6f:1d:1f:6c,00:c1:b1:14:eb:31,192.168.10.9,62720,104.17.55.121,80,6,0.016811,3,2,1,192,126,66,118.969719,sSE,0.016811
b8:ac:6f:1d:1f:6c,00:c1:b1:14:eb:31,192.168.10.9,62721,104.17.56.121,80,6,0.016735,3,2,1,192,126,66,119.510002,sSE,0.016735
b8:ac:6f:36:0b:a8,00:c1:b1:14:eb:31,192.168.10.51,40910,172.217.12.174,443,6,0.036355,2,1,1,132,66,66,27.506533,sSE,0.036355
00:23:ae:9b:8a:bf,18:66:da:9b:e3:7d,192.168.10.16,,192.168.10.3,,2054,0.000009,4,2,2,240,120,120,333333.312500,CON,0.000009
00:1e:4f:d4:ca:28,18:66:da:9b:e3:7d,192.168.10.15,57737,192.168.10.3,53,17,0.113957,6,4,2,654,348,306,43.876198,CON,0.113957
18:66:da:9b:e3:7d,00:c1:b1:14:eb:31,192.168.10.3,61338,192.168.10.1,53,17,0.113500,2,1,1,262,98,164,8.810573,CON,0.113500
00:1e:4f:d4:ca:28,18:66:da:9b:e3:7d,192.168.10.15,64612,192.168.10.3,53,17,0.000119,4,2,2,468,170,298,25210.083984,CON,0.000119
b8:ac:6f:1d:1f:6c,18:66:da:9b:e3:7d,192.168.10.9,60916,192.168.10.3,53,17,0.049294,4,2,2,468,170,298,60.859337,CON,0.049294
18:66:da:9b:e3:7d,00:c1:b1:14:eb:31,192.168.10.3,60593,192.168.10.1,53,17,0.048906,2,1,1,256,96,160,20.447390,CON,0.048906
b8:ac:6f:1d:1f:6c,18:66:da:9b:e3:7d,192.168.10.9,60033,192.168.10.3,53,17,0.031251,4,2,2,442,168,274,95.996933,CON,0.031251
18:66:da:9b:e3:7d,00:c1:b1:14:eb:31,192.168.10.3,60351,192.168.10.1,53,17,0.030860,2,1,1,243,95,148,32.404408,CON,0.030860
b8:ac:6f:1d:1f:6c,18:66:da:9b:e3:7d,192.168.10.9,65153,192.168.10.3,53,17,0.000170,4,2,2,380,162,218,17647.058594,CON,0.000170
b8:ac:6f:1d:1f:6c,18:66:da:9b:e3:7d,192.168.10.9,56040,192.168.10.3,53,17,0.047542,4,2,2,448,174,274,63.102100,CON,0.047542
18:66:da:9b:e3:7d,00:c1:b1:14:eb:31,192.168.10.3,60148,192.168.10.1,53,17,0.047151,2,1,1,246,98,148,21.208458,CON,0.047151
70:6e:6d:1d:bb:0d,01:00:0c:cc:cc:cc,01:00:0c:cc:cc:cc,170,70:6e:6d:1d:bb:0d,170,0,0.000000,1,1,0,458,458,0,0.000000,INT,0.000000
00:1e:4f:d4:ca:28,00:c1:b1:14:eb:31,192.168.10.15,50013,23.208.163.130,80,6,2.199228,402,219,183,271316,20649,250667,182.336700,sSE,2.199228
b8:ac:6f:1d:1f:6c,00:c1:b1:14:eb:31,192.168.10.9,62605,157.240.2.25,443,6,0.227874,46,24,22,30819,1543,29276,197.477554,sSE,0.227874
b8:ac:6f:1d:1f:6c,18:66:da:9b:e3:7d,192.168.10.9,53532,192.168.10.3,53,17,0.024413,4,2,2,780,174,606,122.885345,CON,0.024413
18:66:da:9b:e3:7d,00:c1:b1:14:eb:31,192.168.10.3,61525,192.168.10.1,53,17,0.023857,2,1,1,412,98,314,41.916420,CON,0.023857
b8:ac:6f:1d:1f:6c,18:66:da:9b:e3:7d,192.168.10.9,59417,192.168.10.3,53,17,0.023802,4,2,2,484,188,296,126.039833,CON,0.023802
18:66:da:9b:e3:7d,00:c1:b1:14:eb:31,192.168.10.3,60185,192.168.10.1,53,17,0.023424,2,1,1,212,98,114,42.691257,CON,0.023424
b8:ac:6f:1d:1f:6c,00:c1:b1:14:eb:31,192.168.10.9,62722,8.43.72.62,80,6,0.223138,8,4,4,2810,1009,1801,31.370720,sSE,0.223138
b8:ac:6f:1d:1f:6c,18:66:da:9b:e3:7d,192.168.10.9,54376,192.168.10.3,53,17,0.000013,4,2,2,684,214,470,230769.234375,CON,0.000013
b8:ac:6f:1d:1f:6c,00:c1:b1:14:eb:31,192.168.10.9,62723,8.43.72.62,80,6,0.341112,13,6,7,5432,1894,3538,35.179062,sSE,0.341112
b8:ac:6f:1d:1f:6c,00:c1:b1:14:eb:31,192.168.10.9,62724,8.43.72.62,80,6,0.233443,8,4,4,2811,1010,1801,29.985907,sSE,0.233443
b8:ac:6f:1d:1f:6c,18:66:da:9b:e3:7d,192.168.10.9,52196,192.168.10.3,53,17,0.000181,4,2,2,560,214,346,16574.585938,CON,0.000181
b8:ac:6f:1d:1f:6c,00:c1:b1:14:eb:31,192.168.10.9,62725,8.43.72.62,80,6,0.216657,8,4,4,2815,1010,1805,32.309135,sSE,0.216657
b8:ac:6f:1d:1f:6c,00:c1:b1:14:eb:31,192.168.10.9,62726,8.43.72.62,80,6,0.233022,8,4,4,2816,1011,1805,30.040081,sSE,0.233022
b8:ac:6f:1d:1f:6c,00:c1:b1:14:eb:31,192.168.10.9,62727,8.43.72.62,80,6,0.220069,8,4,4,2807,1011,1796,31.808205,sSE,0.220069
b8:ac:6f:1d:1f:6c,18:66:da:9b:e3:7d,192.168.10.9,56973,192.168.10.3,53,17,0.000240,4,2,2,642,144,498,12500.000000,CON,0.000240
b8:ac:6f:1d:1f:6c,00:c1:b1:14:eb:31,192.168.10.9,62728,68.67.178.252,80,6,4.062781,21,10,11,11727,2816,8911,4.922737,sSE,4.062781
b8:ac:6f:1d:1f:6c,00:c1:b1:14:eb:31,192.168.10.9,62729,68.67.178.252,80,6,4.932842,41,20,21,26594,6841,19753,8.108916,sSE,4.932842
b8:ac:6f:1d:1f:6c,00:c1:b1:14:eb:31,192.168.10.9,62730,68.67.178.252,80,6,0.211248,8,4,4,4065,911,3154,33.136410,sSE,0.211248
b8:ac:6f:1d:1f:6c,00:c1:b1:14:eb:31,192.168.10.9,62731,68.67.178.252,80,6,0.396803,11,5,6,7004,970,6034,25.201424,sSE,0.396803
b8:ac:6f:1d:1f:6c,00:c1:b1:14:eb:31,192.168.10.9,62732,68.67.178.252,80,6,0.275053,8,4,4,4057,903,3154,25.449640,sSE,0.275053
b8:ac:6f:1d:1f:6c,00:c1:b1:14:eb:31,192.168.10.9,62733,68.67.178.252,80,6,0.333408,13,6,7,7205,1712,5493,35.991940,sSE,0.333408
b8:ac:6f:1d:1f:6c,18:66:da:9b:e3:7d,192.168.10.9,57027,192.168.10.3,53,17,0.000286,4,2,2,576,160,416,10489.510742,CON,0.000286
b8:ac:6f:1d:1f:6c,18:66:da:9b:e3:7d,192.168.10.9,53760,192.168.10.3,53,17,0.030938,4,2,2,450,160,290,96.968132,CON,0.030938
18:66:da:9b:e3:7d,00:c1:b1:14:eb:31,192.168.10.3,60632,192.168.10.1,53,17,0.030537,2,1,1,247,91,156,32.747158,CON,0.030537
b8:ac:6f:1d:1f:6c,18:66:da:9b:e3:7d,192.168.10.9,52464,192.168.10.3,53,17,0.149974,4,2,2,526,156,370,20.003468,CON,0.149974
18:66:da:9b:e3:7d,00:c1:b1:14:eb:31,192.168.10.3,62526,192.168.10.1,53,17,0.149540,2,1,1,285,89,196,6.687174,CON,0.149540
b8:ac:6f:1d:1f:6c,18:66:da:9b:e3:7d,192.168.10.9,56311,192.168.10.3,53,17,0.000159,4,2,2,380,174,206,18867.923828,CON,0.000159
b8:ac:6f:1d:1f:6c,18:66:da:9b:e3:7d,192.168.10.9,65342,192.168.10.3,53,17,0.024157,4,2,2,676,144,532,124.187599,CON,0.024157
b8:ac:6f:1d:1f:6c,18:66:da:9b:e3:7d,192.168.10.9,59264,192.168.10.3,53,17,0.061511,4,2,2,500,174,326,48.771767,CON,0.061511
18:66:da:9b:e3:7d,00:c1:b1:14:eb:31,192.168.10.3,62257,192.168.10.1,53,17,0.023568,2,1,1,344,84,260,42.430412,CON,0.023568
18:66:da:9b:e3:7d,00:c1:b1:14:eb:31,192.168.10.3,60082,192.168.10.1,53,17,0.061110,2,1,1,272,98,174,16.363934,CON,0.061110
b8:ac:6f:1d:1f:6c,00:c1:b1:14:eb:31,192.168.10.9,62734,152.163.13.79,80,6,3.022433,15,8,7,6617,2123,4494,4.632030,sSE,3.022433
b8:ac:6f:1d:1f:6c,00:c1:b1:14:eb:31,192.168.10.9,62735,152.163.13.79,80,6,2.585655,18,9,9,8913,2183,6730,6.574737,sSE,2.585655
b8:ac:6f:1d:1f:6c,00:c1:b1:14:eb:31,192.168.10.9,62736,152.163.13.79,80,6,2.602088,16,8,8,8415,2121,6294,5.764601,sSE,2.602088
b8:ac:6f:1d:1f:6c,00:c1:b1:14:eb:31,192.168.10.9,62737,152.163.13.79,80,6,3.208386,21,10,11,10383,2804,7579,6.233664,sSE,3.208386
b8:ac:6f:1d:1f:6c,00:c1:b1:14:eb:31,192.168.10.9,62738,152.163.13.79,80,6,2.584070,16,8,8,8448,2123,6325,5.804796,sSE,2.584070
b8:ac:6f:1d:1f:6c,00:c1:b1:14:eb:31,192.168.10.9,62739,152.163.13.79,80,6,3.022498,19,10,9,9154,3318,5836,5.955339,sSE,3.022498
b8:ac:6f:1d:1f:6c,18:66:da:9b:e3:7d,192.168.10.9,51080,192.168.10.3,53,17,0.031025,4,2,2,352,144,208,96.696213,CON,0.031025
18:66:da:9b:e3:7d,00:c1:b1:14:eb:31,192.168.10.3,61845,192.168.10.1,53,17,0.030603,2,1,1,198,83,115,32.676533,CON,0.030603
b8:ac:6f:1d:1f:6c,18:66:da:9b:e3:7d,192.168.10.9,60125,192.168.10.3,53,17,0.069482,4,2,2,498,166,332,43.176651,CON,0.069482
18:66:da:9b:e3:7d,00:c1:b1:14:eb:31,192.168.10.3,60826,192.168.10.1,53,17,0.069064,2,1,1,271,94,177,14.479323,CON,0.069064
b8:ac:6f:1d:1f:6c,18:66:da:9b:e3:7d,192.168.10.9,53850,192.168.10.3,53,17,0.000168,4,2,2,428,186,242,17857.142578,CON,0.000168
b8:ac:6f:1d:1f:6c,00:c1:b1:14:eb:31,192.168.10.9,62740,169.55.70.244,80,6,0.173525,6,3,3,1826,186,1640,28.814291,sSE,0.173525
b8:ac:6f:1d:1f:6c,18:66:da:9b:e3:7d,192.168.10.9,63403,192.168.10.3,53,17,0.000321,4,2,2,644,146,498,9345.793945,CON,0.000321
b8:ac:6f:1d:1f:6c,18:66:da:9b:e3:7d,192.168.10.9,50412,192.168.10.3,53,17,0.031127,4,2,2,418,146,272,96.379349,CON,0.031127
18:66:da:9b:e3:7d,00:c1:b1:14:eb:31,192.168.10.3,60724,192.168.10.1,53,17,0.030611,2,1,1,231,84,147,32.667995,CON,0.030611
b8:ac:6f:1d:1f:6c,00:c1:b1:14:eb:31,192.168.10.9,62741,54.210.195.63,80,6,0.106082,8,4,4,2166,569,1597,65.986687,sSE,0.106082
b8:ac:6f:1d:1f:6c,18:66:da:9b:e3:7d,192.168.10.9,54649,192.168.10.3,53,17,0.000237,4,2,2,352,144,208,12658.227539,CON,0.000237
b8:ac:6f:1d:1f:6c,18:66:da:9b:e3:7d,192.168.10.9,49449,192.168.10.3,53,17,0.000216,4,2,2,352,144,208,13888.888672,CON,0.000216
b8:ac:6f:1d:1f:6c,18:66:da:9b:e3:7d,192.168.10.9,58114,192.168.10.3,53,17,0.030727,4,2,2,458,144,314,97.634003,CON,0.030727
18:66:da:9b:e3:7d,00:c1:b1:14:eb:31,192.168.10.3,60752,192.168.10.1,53,17,0.030282,2,1,1,251,83,168,33.022919,CON,0.030282
b8:ac:6f:1d:1f:6c,00:c1:b1:14:eb:31,192.168.10.9,62742,54.239.17.113,80,6,3.110711,10,6,4,1179,714,465,2.893229,sSEfF,3.110711
b8:ac:6f:1d:1f:6c,18:66:da:9b:e3:7d,192.168.10.9,63028,192.168.10.3,53,17,0.000173,4,2,2,396,182,214,17341.041016,CON,0.000173
b8:ac:6f:1d:1f:6c,18:66:da:9b:e3:7d,192.168.10.9,53102,192.168.10.3,53,17,0.030601,4,2,2,474,182,292,98.036011,CON,0.030601
18:66:da:9b:e3:7d,00:c1:b1:14:eb:31,192.168.10.3,60200,192.168.10.1,53,17,0.030191,2,1,1,259,102,157,33.122452,CON,0.030191
b8:ac:6f:1d:1f:6c,18:66:da:9b:e3:7d,192.168.10.9,65080,192.168.10.3,53,17,0.000160,4,2,2,376,156,220,18750.000000,CON,0.000160
b8:ac:6f:1d:1f:6c,18:66:da:9b:e3:7d,192.168.10.9,49252,192.168.10.3,53,17,0.023691,4,2,2,434,156,278,126.630363,CON,0.023691
18:66:da:9b:e3:7d,00:c1:b1:14:eb:31,192.168.10.3,61176,192.168.10.1,53,17,0.023308,2,1,1,239,89,150,42.903725,CON,0.023308
b8:ac:6f:1d:1f:6c,00:c1:b1:14:eb:31,192.168.10.9,62743,23.15.4.10,80,6,0.139859,6,4,2,1380,1254,126,35.750290,sSE,0.139859
b8:ac:6f:36:0a:8b,00:c1:b1:14:eb:31,192.168.10.5,51813,23.194.181.198,443,6,0.023415,2,1,1,126,60,66,42.707668,sSE,0.023415
b8:ac:6f:36:0b:a8,00:c1:b1:14:eb:31,192.168.10.51,39223,54.214.26.58,443,6,0.084715,2,1,1,132,66,66,11.804285,sSE,0.084715
b8:ac:6f:36:0a:8b,00:c1:b1:14:eb:31,192.168.10.5,51814,104.16.3.9,443,6,0.015008,2,1,1,126,60,66,66.631134,sSE,0.015008
b8:ac:6f:1d:1f:6c,18:66:da:9b:e3:7d,192.168.10.9,53767,192.168.10.3,53,17,0.030830,4,2,2,412,148,264,97.307816,CON,0.030830
18:66:da:9b:e3:7d,00:c1:b1:14:eb:31,192.168.10.3,61707,192.168.10.1,53,17,0.030533,2,1,1,214,99,115,32.751450,CON,0.030533
b8:ac:6f:1d:1f:6c,18:66:da:9b:e3:7d,192.168.10.9,64215,192.168.10.3,53,17,0.000174,4,2,2,412,148,264,17241.378906,CON,0.000174
b8:ac:6f:1d:1f:6c,18:66:da:9b:e3:7d,192.168.10.9,59937,192.168.10.3,53,17,0.000005,4,2,2,384,176,208,600000.000000,CON,0.000005
b8:ac:6f:1d:1f:6c,18:66:da:9b:e3:7d,192.168.10.9,53468,192.168.10.3,53,17,0.023728,4,2,2,474,176,298,126.432907,CON,0.023728
18:66:da:9b:e3:7d,00:c1:b1:14:eb:31,192.168.10.3,60667,192.168.10.1,53,17,0.023333,2,1,1,259,99,160,42.857754,CON,0.023333
