SrcMac,DstMac,SrcAddr,Sport,DstAddr,Dport,Proto,Mean,TotPkts,SrcPkts,DstPkts,TotBytes,SrcBytes,DstBytes,Rate,State,Dur
b8:ac:6f:1d:1f:6c,00:c1:b1:14:eb:31,192.168.10.9,63091,198.54.12.145,443,6,4.090341,5,2,3,300,120,180,0.977914,E,4.090341
b8:ac:6f:1d:1f:6c,00:c1:b1:14:eb:31,192.168.10.9,63260,198.54.12.111,80,6,4.088464,10,5,5,2306,1286,1020,2.201316,E,4.088464
b8:ac:6f:1d:1f:6c,00:c1:b1:14:eb:31,192.168.10.9,63054,72.21.81.64,443,6,3.900657,12,6,6,969,446,523,2.820038,EfF,3.900657
b8:ac:6f:1d:1f:6c,00:c1:b1:14:eb:31,192.168.10.9,63766,104.88.87.173,80,6,5.077555,5,3,2,306,180,126,0.787781,EfF,5.077555
00:c1:b1:14:eb:31,b8:ac:6f:1d:1f:6c,192.35.249.124,80,192.168.10.9,63033,6,1.835892,23,17,6,15916,15556,360,11.983276,E,1.835892
b8:ac:6f:1d:1f:6c,00:c1:b1:14:eb:31,192.168.10.9,63082,198.54.12.145,443,6,1.928595,5,2,3,300,120,180,2.074049,E,1.928595
b8:ac:6f:36:0a:8b,00:c1:b1:14:eb:31,192.168.10.5,52086,52.204.155.195,443,6,5.050094,11,5,6,7797,3985,3812,1.980161,sSE,5.050094
b8:ac:6f:36:0a:8b,00:c1:b1:14:eb:31,192.168.10.5,52122,184.72.116.124,443,6,5.037866,25,14,11,10155,3244,6911,4.763922,sSE,5.037866
b8:ac:6f:36:0a:8b,00:c1:b1:14:eb:31,192.168.10.5,52123,151.101.0.166,443,6,4.259647,10,6,4,2362,1962,400,2.112851,sSEfF,4.259647
b8:ac:6f:36:04:e3,00:c1:b1:14:eb:31,192.168.10.12,39110,172.217.9.234,80,6,2.657407,5,3,2,330,198,132,1.505227,EfF,2.657407
b8:ac:6f:36:04:e3,00:c1:b1:14:eb:31,192.168.10.12,57180,85.111.71.101,80,6,3.514805,5,3,2,300,180,120,1.138043,EfF,3.514805
00:23:ae:9b:ad:b3,18:66:da:9b:e3:7d,192.168.10.19,39515,192.168.10.3,53,17,5.005376,4,4,0,276,276,0,0.599356,INT,5.005376
00:23:ae:9b:ad:b3,18:66:da:9b:e3:7d,192.168.10.19,19778,192.168.10.3,53,17,5.005367,4,4,0,276,276,0,0.599357,INT,5.005367
b8:ac:6f:36:0a:8b,00:c1:b1:14:eb:31,192.168.10.5,52126,151.101.0.166,443,6,4.994680,21,11,10,9361,5369,3992,4.004261,sSE,4.994680
00:c1:b1:14:eb:31,b8:ac:6f:36:0a:8b,54.241.153.60,443,192.168.10.5,51856,6,4.217448,14,8,6,7240,4372,2868,3.082433,E,4.217448
b8:ac:6f:36:08:f5,18:66:da:9b:e3:7d,192.168.10.8,49411,192.168.10.3,49666,6,0.356706,28,14,14,5326,2532,2794,75.692589,sSE,0.356706
b8:ac:6f:36:04:e3,00:c1:b1:14:eb:31,192.168.10.12,57174,85.111.71.101,80,6,3.261747,5,3,2,300,180,120,1.226337,EfF,3.261747
b8:ac:6f:1d:1f:6c,00:c1:b1:14:eb:31,192.168.10.9,63988,34.202.69.17,80,6,0.386817,7,4,3,1022,571,451,15.511210,sSE,0.386817
b8:ac:6f:1d:1f:6c,00:c1:b1:14:eb:31,192.168.10.9,63065,52.2.56.173,80,6,1.221964,13,7,6,6278,2602,3676,9.820256,E,1.221964
b8:ac:6f:1d:1f:6c,00:c1:b1:14:eb:31,192.168.10.9,63990,162.208.20.178,80,6,0.568102,9,5,4,2021,697,1324,14.081978,sSE,0.568102
b8:ac:6f:1d:1f:6c,00:c1:b1:14:eb:31,192.168.10.9,63991,162.208.20.178,80,6,0.575880,9,5,4,2021,697,1324,13.891783,sSE,0.575880
b8:ac:6f:1d:1f:6c,00:c1:b1:14:eb:31,192.168.10.9,63992,54.228.200.142,443,6,0.854230,18,9,9,9223,2045,7178,19.900963,sSE,0.854230
b8:ac:6f:1d:1f:6c,00:c1:b1:14:eb:31,192.168.10.9,63040,198.54.12.145,80,6,0.202986,4,1,3,452,60,392,14.779345,E,0.202986
00:c1:b1:14:eb:31,b8:ac:6f:1d:1f:6c,198.54.12.145,80,192.168.10.9,63044,6,0.230417,4,3,1,474,414,60,13.019873,E,0.230417
00:c1:b1:14:eb:31,b8:ac:6f:1d:1f:6c,198.54.12.145,80,192.168.10.9,63046,6,0.208462,4,3,1,452,392,60,14.391112,E,0.208462
b8:ac:6f:1d:1f:6c,00:c1:b1:14:eb:31,192.168.10.9,63993,34.202.69.17,80,6,1.048134,5,3,2,324,192,132,3.816306,sSE,1.048134
b8:ac:6f:1d:1f:6c,00:c1:b1:14:eb:31,192.168.10.9,63994,162.208.20.178,80,6,0.085724,3,2,1,192,126,66,23.330688,sSE,0.085724
b8:ac:6f:1d:1f:6c,00:c1:b1:14:eb:31,192.168.10.9,63995,54.228.200.142,443,6,0.776795,15,7,8,6311,743,5568,18.022772,sSE,0.776795
b8:ac:6f:1d:1f:6c,00:c1:b1:14:eb:31,192.168.10.9,63996,162.208.20.178,80,6,0.085062,3,2,1,192,126,66,23.512262,sSE,0.085062
00:c1:b1:14:eb:31,b8:ac:6f:1d:1f:6c,198.54.12.145,80,192.168.10.9,63045,6,0.217533,4,3,1,478,418,60,13.791011,E,0.217533
b8:ac:6f:1d:1f:6c,18:66:da:9b:e3:7d,192.168.10.9,64710,192.168.10.3,53,17,0.030483,4,2,2,560,166,394,98.415512,CON,0.030483
18:66:da:9b:e3:7d,00:c1:b1:14:eb:31,192.168.10.3,61201,192.168.10.1,53,17,0.030257,2,1,1,214,91,123,33.050205,CON,0.030257
b8:ac:6f:36:04:e3,00:c1:b1:14:eb:31,192.168.10.12,50736,92.45.106.166,80,6,2.852742,5,3,2,300,180,120,1.402160,SEfFC,2.852742
b8:ac:6f:36:04:e3,00:c1:b1:14:eb:31,192.168.10.12,53646,85.111.71.114,80,6,3.003577,5,3,2,300,180,120,1.331746,EfF,3.003577
b8:ac:6f:36:04:e3,00:c1:b1:14:eb:31,192.168.10.12,50794,92.45.106.166,80,6,0.152862,2,1,1,120,60,60,6.541848,sSE,0.152862
00:c1:b1:14:eb:31,b8:ac:6f:36:04:e3,85.111.71.101,80,192.168.10.12,57192,6,2.854973,5,2,3,300,120,180,1.401064,EfF,2.854973
00:c1:b1:14:eb:31,b8:ac:6f:1d:1f:6c,52.3.119.216,80,192.168.10.9,63072,6,0.660610,9,4,5,7281,3356,3925,12.110019,E,0.660610
b8:ac:6f:1d:1f:6c,00:c1:b1:14:eb:31,192.168.10.9,62708,23.15.4.11,80,6,0.231886,4,2,2,1053,618,435,12.937391,E,0.231886
00:1e:4f:d4:ca:28,00:c1:b1:14:eb:31,192.168.10.15,50103,104.88.75.116,443,6,0.023349,2,1,1,126,60,66,42.828388,sSE,0.023349
00:1e:4f:d4:ca:28,00:c1:b1:14:eb:31,192.168.10.15,50236,52.87.101.173,443,6,0.050228,2,1,1,120,60,60,19.909214,sSE,0.050228
b8:ac:6f:1d:1f:6c,18:66:da:9b:e3:7d,192.168.10.9,64564,192.168.10.3,53,17,0.031067,4,2,2,468,150,318,96.565483,CON,0.031067
18:66:da:9b:e3:7d,00:c1:b1:14:eb:31,192.168.10.3,61947,192.168.10.1,53,17,0.030675,2,1,1,202,93,109,32.599838,CON,0.030675
b8:ac:6f:1d:1f:6c,18:66:da:9b:e3:7d,192.168.10.9,61274,192.168.10.3,53,17,0.000175,4,2,2,384,160,224,17142.857422,CON,0.000175
b8:ac:6f:1d:1f:6c,00:c1:b1:14:eb:31,192.168.10.9,63248,23.194.180.169,80,6,0.332990,4,2,2,1087,495,592,9.009280,E,0.332990
b8:ac:6f:1d:1f:6c,00:c1:b1:14:eb:31,192.168.10.9,62875,172.217.10.130,80,6,0.473172,6,3,3,2917,1127,1790,10.566981,E,0.473172
b8:ac:6f:1d:1f:6c,18:66:da:9b:e3:7d,192.168.10.9,56383,192.168.10.3,53,17,0.000018,4,2,2,360,164,196,166666.656250,CON,0.000018
b8:ac:6f:1d:1f:6c,00:c1:b1:14:eb:31,192.168.10.9,63997,23.23.130.16,80,6,2.363637,13,7,6,2156,806,1350,5.076922,sSEfF,2.363637
b8:ac:6f:1d:1f:6c,00:c1:b1:14:eb:31,192.168.10.9,63998,199.233.57.18,80,6,0.459340,6,4,2,2111,995,1116,10.885183,sSE,0.459340
b8:ac:6f:1d:1f:6c,18:66:da:9b:e3:7d,192.168.10.9,64135,192.168.10.3,53,17,0.048660,4,2,2,476,174,302,61.652283,CON,0.048660
18:66:da:9b:e3:7d,00:c1:b1:14:eb:31,192.168.10.3,62060,192.168.10.1,53,17,0.048433,2,1,1,260,98,162,20.647079,CON,0.048433
00:1e:4f:d4:ca:28,00:c1:b1:14:eb:31,192.168.10.15,50309,199.187.193.19,443,6,0.060118,2,1,1,120,60,60,16.633953,sSE,0.060118
00:1e:4f:d4:ca:28,00:c1:b1:14:eb:31,192.168.10.15,50279,199.187.193.19,443,6,0.060056,2,1,1,120,60,60,16.651125,sSE,0.060056
b8:ac:6f:36:0b:a8,00:c1:b1:14:eb:31,192.168.10.51,36789,72.21.91.29,80,6,0.024188,2,1,1,132,66,66,41.342812,sSE,0.024188
00:1e:4f:d4:ca:28,00:c1:b1:14:eb:31,192.168.10.15,50306,199.187.193.19,443,6,0.059675,2,1,1,120,60,60,16.757437,sSE,0.059675
00:1e:4f:d4:ca:28,00:c1:b1:14:eb:31,192.168.10.15,50314,199.187.193.19,80,6,0.059655,2,1,1,120,60,60,16.763054,sSE,0.059655
b8:ac:6f:1d:1f:6c,18:66:da:9b:e3:7d,192.168.10.9,59142,192.168.10.3,53,17,0.030709,4,2,2,654,146,508,97.691231,CON,0.030709
18:66:da:9b:e3:7d,00:c1:b1:14:eb:31,192.168.10.3,60301,192.168.10.1,53,17,0.030685,2,1,1,354,113,241,32.589214,CON,0.030685
b8:ac:6f:1d:1f:6c,18:66:da:9b:e3:7d,192.168.10.9,49292,192.168.10.3,53,17,0.000197,4,2,2,486,152,334,15228.426758,CON,0.000197
b8:ac:6f:1d:1f:6c,00:c1:b1:14:eb:31,192.168.10.9,63039,198.54.12.145,80,6,0.000000,3,1,2,180,60,120,0.000000,E,0.000000
b8:ac:6f:1d:1f:6c,18:66:da:9b:e3:7d,192.168.10.9,64521,192.168.10.3,53,17,0.000270,4,2,2,664,204,460,11111.111328,CON,0.000270
b8:ac:6f:1d:1f:6c,00:c1:b1:14:eb:31,192.168.10.9,62785,52.206.85.2,80,6,0.254492,4,2,2,1602,660,942,11.788189,E,0.254492
00:1e:4f:d4:ca:28,00:c1:b1:14:eb:31,192.168.10.15,50107,151.101.208.249,443,6,0.023571,2,1,1,126,60,66,42.425014,sSE,0.023571
b8:ac:6f:36:0b:a8,00:c1:b1:14:eb:31,192.168.10.51,32931,96.43.146.17,443,6,0.040574,2,1,1,132,66,66,24.646326,sSE,0.040574
b8:ac:6f:1d:1f:6c,00:c1:b1:14:eb:31,192.168.10.9,63999,23.194.180.170,80,6,0.023689,3,2,1,192,126,66,84.427368,sSE,0.023689
b8:ac:6f:1d:1f:6c,18:66:da:9b:e3:7d,192.168.10.9,57888,192.168.10.3,53,17,0.031044,4,2,2,332,150,182,96.637032,CON,0.031044
18:66:da:9b:e3:7d,00:c1:b1:14:eb:31,192.168.10.3,61986,192.168.10.1,53,17,0.030793,2,1,1,188,86,102,32.474915,CON,0.030793
00:1e:4f:d4:ca:28,00:c1:b1:14:eb:31,192.168.10.15,50339,23.208.165.24,80,6,0.025764,2,1,1,126,60,66,38.813850,sSE,0.025764
b8:ac:6f:1d:1f:6c,18:66:da:9b:e3:7d,192.168.10.9,59095,192.168.10.3,53,17,0.000151,4,2,2,332,150,182,19867.548828,CON,0.000151
b8:ac:6f:1d:1f:6c,00:c1:b1:14:eb:31,192.168.10.9,64000,208.81.233.32,80,6,0.142170,9,5,4,1745,848,897,56.270664,sSEfF,0.142170
b8:ac:6f:1d:1f:6c,00:c1:b1:14:eb:31,192.168.10.9,64001,208.81.233.32,80,6,0.040623,3,2,1,186,126,60,49.233192,sSE,0.040623
18:66:da:9b:e3:7d,00:23:ae:9b:8a:bf,192.168.10.3,,192.168.10.16,,2054,0.000008,4,2,2,240,120,120,375000.000000,CON,0.000008
b8:ac:6f:36:0b:a8,00:c1:b1:14:eb:31,192.168.10.51,37382,23.61.187.27,80,6,0.038978,2,1,1,132,66,66,25.655499,sSE,0.038978
00:1e:4f:d4:ca:28,00:c1:b1:14:eb:31,192.168.10.15,50355,152.163.66.131,443,6,0.028515,2,1,1,120,60,60,35.069263,sSE,0.028515
00:1e:4f:d4:ca:28,00:c1:b1:14:eb:31,192.168.10.15,50277,152.163.56.2,443,6,0.028519,2,1,1,120,60,60,35.064342,sSE,0.028519
00:23:ae:9b:8a:bf,18:66:da:9b:e3:7d,192.168.10.16,,192.168.10.3,,2054,0.000012,4,2,2,240,120,120,249999.984375,CON,0.000012
b8:ac:6f:36:0a:8b,00:c1:b1:14:eb:31,192.168.10.5,51955,8.41.222.134,443,6,4.141948,8,4,4,4043,2105,1938,1.690026,sSE,4.141948
b8:ac:6f:36:0b:a8,00:c1:b1:14:eb:31,192.168.10.51,57167,96.43.146.50,443,6,0.043457,2,1,1,132,66,66,23.011251,sSE,0.043457
b8:ac:6f:1d:1f:6c,18:66:da:9b:e3:7d,192.168.10.9,52313,192.168.10.3,53,17,0.077564,4,2,2,764,148,616,38.677738,CON,0.077564
18:66:da:9b:e3:7d,00:c1:b1:14:eb:31,192.168.10.3,60844,192.168.10.1,53,17,0.077497,2,1,1,387,86,301,12.903726,CON,0.077497
b8:ac:6f:1d:1f:6c,00:c1:b1:14:eb:31,192.168.10.9,62858,35.167.226.133,80,6,0.295522,4,2,2,1445,640,805,10.151528,E,0.295522
00:1e:4f:d4:ca:28,00:c1:b1:14:eb:31,192.168.10.15,50283,192.35.249.120,443,6,0.029501,2,1,1,120,60,60,33.897156,sSE,0.029501
00:23:ae:9b:95:67,00:c1:b1:14:eb:31,192.168.10.17,123,23.239.26.89,123,17,0.056781,2,1,1,180,90,90,17.611525,CON,0.056781
b8:ac:6f:1d:1f:6c,18:66:da:9b:e3:7d,192.168.10.9,57654,192.168.10.3,53,17,0.000007,4,2,2,696,220,476,428571.437500,CON,0.000007
b8:ac:6f:1d:1f:6c,18:66:da:9b:e3:7d,192.168.10.9,50366,192.168.10.3,53,17,0.030959,4,2,2,604,220,384,96.902351,CON,0.030959
18:66:da:9b:e3:7d,00:c1:b1:14:eb:31,192.168.10.3,60959,192.168.10.1,53,17,0.030875,2,1,1,324,121,203,32.388664,CON,0.030875
00:1e:4f:d4:ca:28,00:c1:b1:14:eb:31,192.168.10.15,50281,8.43.72.21,443,6,0.034495,2,1,1,126,60,66,28.989708,sSE,0.034495
00:1e:4f:d4:ca:28,00:c1:b1:14:eb:31,192.168.10.15,50484,134.170.58.121,443,6,2.432655,94,34,60,49757,18266,31491,38.229836,sSEfF,2.432655
b8:ac:6f:1d:1f:6c,00:c1:b1:14:eb:31,192.168.10.9,63108,129.146.14.101,80,6,0.302455,4,2,2,1172,550,622,9.918831,E,0.302455
00:1e:4f:d4:ca:28,00:c1:b1:14:eb:31,192.168.10.15,50338,23.1.25.111,443,6,0.049634,2,1,1,126,60,66,20.147480,sSE,0.049634
00:1e:4f:d4:ca:28,00:c1:b1:14:eb:31,192.168.10.15,50336,23.1.25.111,443,6,0.049630,2,1,1,126,60,66,20.149103,sSE,0.049630
00:1e:4f:d4:ca:28,00:c1:b1:14:eb:31,192.168.10.15,50366,52.84.145.72,443,6,0.022217,2,1,1,126,60,66,45.010578,sSE,0.022217
00:23:ae:9b:ad:b3,00:c1:b1:14:eb:31,192.168.10.19,123,24.86.68.24,123,17,0.140589,2,1,1,180,90,90,7.112932,CON,0.140589
b8:ac:6f:1d:1f:6c,00:c1:b1:14:eb:31,192.168.10.9,63980,23.21.84.138,80,6,0.050885,2,1,1,120,60,60,19.652157,sSE,0.050885
00:1e:4f:d4:ca:28,00:c1:b1:14:eb:31,192.168.10.15,50215,74.121.142.165,443,6,0.023696,2,1,1,126,60,66,42.201218,sSE,0.023696
00:c1:b1:14:eb:31,b8:ac:6f:1d:1f:6c,198.54.12.145,80,192.168.10.9,63038,6,0.001190,3,2,1,180,120,60,1680.672241,E,0.001190
b8:ac:6f:36:04:e3,00:c1:b1:14:eb:31,192.168.10.12,57188,85.111.71.101,80,6,2.973530,5,3,2,300,180,120,1.345202,EfF,2.973530
00:1e:4f:d4:ca:28,00:c1:b1:14:eb:31,192.168.10.15,50256,152.163.13.4,443,6,0.093530,2,1,1,120,60,60,10.691757,sSE,0.093530
b8:ac:6f:1d:1f:6c,18:66:da:9b:e3:7d,192.168.10.9,62208,192.168.10.3,53,17,0.078586,4,2,2,348,158,190,38.174740,CON,0.078586
18:66:da:9b:e3:7d,00:c1:b1:14:eb:31,192.168.10.3,60378,192.168.10.1,53,17,0.078090,2,1,1,196,90,106,12.805737,CON,0.078090
b8:ac:6f:1d:1f:6c,00:c1:b1:14:eb:31,192.168.10.9,64002,173.241.242.220,80,6,0.443131,9,5,4,3193,1043,2150,18.053352,sSE,0.443131
b8:ac:6f:1d:1f:6c,18:66:da:9b:e3:7d,192.168.10.9,51470,192.168.10.3,53,17,0.000006,4,2,2,348,158,190,499999.968750,CON,0.000006
b8:ac:6f:1d:1f:6c,00:c1:b1:14:eb:31,192.168.10.9,63064,198.54.12.145,443,6,0.058921,2,1,1,120,60,60,16.971876,E,0.058921
00:1e:4f:d4:ca:28,00:c1:b1:14:eb:31,192.168.10.15,50113,23.50.75.27,80,6,0.023506,2,1,1,126,60,66,42.542328,sSE,0.023506
18:66:da:9b:e3:7d,00:c1:b1:14:eb:31,192.168.10.3,60937,192.168.10.1,53,17,0.119266,2,1,1,302,99,203,8.384619,CON,0.119266
00:1e:4f:d4:ca:28,18:66:da:9b:e3:7d,192.168.10.15,54702,192.168.10.3,53,17,0.119307,6,4,2,736,352,384,41.908691,CON,0.119307
00:1e:4f:d4:ca:28,00:c1:b1:14:eb:31,192.168.10.15,50485,23.194.182.63,80,6,0.430093,10,6,4,803,557,246,20.925707,sSEfF,0.430093
b8:ac:6f:36:04:e3,00:c1:b1:14:eb:31,192.168.10.12,55466,23.63.227.171,80,6,3.358109,5,3,2,330,198,132,1.191147,EfF,3.358109
00:1e:4f:d4:ca:28,00:c1:b1:14:eb:31,192.168.10.15,50483,64.4.54.254,443,6,3.360222,10,6,4,5282,4372,910,2.678394,sSE,3.360222
00:1e:4f:d4:ca:28,00:c1:b1:14:eb:31,192.168.10.15,50118,23.50.75.27,80,6,0.022936,2,1,1,126,60,66,43.599583,sSE,0.022936
b8:ac:6f:36:0a:8b,00:c1:b1:14:eb:31,192.168.10.5,52114,23.194.182.12,443,6,0.023236,4,2,2,265,120,145,129.110001,sSEfFR,0.023236
b8:ac:6f:36:0a:8b,00:c1:b1:14:eb:31,192.168.10.5,52113,23.194.182.12,443,6,0.023366,4,2,2,265,120,145,128.391678,sSEfFR,0.023366
b8:ac:6f:36:0a:8b,00:c1:b1:14:eb:31,192.168.10.5,52076,52.72.49.160,443,6,5.016863,11,6,5,5236,2427,2809,1.993278,sSE,5.016863
b8:ac:6f:36:0a:8b,00:c1:b1:14:eb:31,192.168.10.5,52127,184.72.116.124,443,6,4.093665,16,10,6,3793,2660,1133,3.664198,sSE,4.093665
b8:ac:6f:36:0a:8b,00:c1:b1:14:eb:31,192.168.10.5,52128,184.72.116.124,443,6,0.191258,8,4,4,909,524,385,36.599777,sSE,0.191258
b8:ac:6f:36:0a:8b,00:c1:b1:14:eb:31,192.168.10.5,52129,184.72.116.124,443,6,0.190510,8,4,4,909,524,385,36.743477,sSE,0.190510
00:1e:4f:d4:ca:28,00:c1:b1:14:eb:31,192.168.10.15,50165,151.101.209.108,443,6,0.023446,2,1,1,126,60,66,42.651199,sSE,0.023446
00:23:ae:9b:95:67,00:c1:b1:14:eb:31,192.168.10.17,123,198.206.133.14,123,17,0.037734,2,1,1,180,90,90,26.501301,CON,0.037734
b8:ac:6f:1d:1f:6c,00:c1:b1:14:eb:31,192.168.10.9,63880,151.101.2.49,80,6,0.015037,2,1,1,126,60,66,66.502625,sSE,0.015037
00:1e:4f:d4:ca:28,00:c1:b1:14:eb:31,192.168.10.15,50280,23.1.25.111,443,6,0.049844,2,1,1,126,60,66,20.062595,sSE,0.049844
b8:ac:6f:1d:1f:6c,18:66:da:9b:e3:7d,192.168.10.9,63020,192.168.10.3,53,17,0.031049,4,2,2,474,172,302,96.621468,CON,0.031049
18:66:da:9b:e3:7d,00:c1:b1:14:eb:31,192.168.10.3,62168,192.168.10.1,53,17,0.030634,2,1,1,259,97,162,32.643467,CON,0.030634
00:1e:4f:d4:ca:28,00:c1:b1:14:eb:31,192.168.10.15,50384,104.97.73.166,443,6,0.023372,2,1,1,126,60,66,42.786240,sSE,0.023372
b8:ac:6f:36:04:e3,00:c1:b1:14:eb:31,192.168.10.12,37982,216.58.219.226,80,6,3.098154,5,3,2,330,198,132,1.291091,sSEfF,3.098154
b8:ac:6f:36:04:e3,00:c1:b1:14:eb:31,192.168.10.12,50738,92.45.106.166,80,6,3.061340,5,3,2,300,180,120,1.306617,SEfFC,3.061340
b8:ac:6f:1d:1f:6c,00:c1:b1:14:eb:31,192.168.10.9,63881,172.217.10.70,80,6,0.036595,2,1,1,126,60,66,27.326136,sSE,0.036595
00:23:ae:9b:ad:b3,00:c1:b1:14:eb:31,192.168.10.19,123,199.182.221.110,123,17,0.072049,2,1,1,180,90,90,13.879443,CON,0.072049
b8:ac:6f:1d:1f:6c,00:c1:b1:14:eb:31,192.168.10.9,63882,172.217.7.14,80,6,0.036821,2,1,1,126,60,66,27.158415,sSE,0.036821
b8:ac:6f:36:04:e3,00:c1:b1:14:eb:31,192.168.10.12,57582,72.247.10.24,80,6,2.829731,5,3,2,330,198,132,1.413562,sSEfF,2.829731
b8:ac:6f:36:04:e3,00:c1:b1:14:eb:31,192.168.10.12,57586,72.247.10.24,80,6,2.839186,5,3,2,330,198,132,1.408854,sSEfF,2.839186
b8:ac:6f:36:04:e3,00:c1:b1:14:eb:31,192.168.10.12,57588,72.247.10.24,80,6,2.829695,5,3,2,330,198,132,1.413580,sSEfF,2.829695
00:1e:4f:d4:ca:28,00:c1:b1:14:eb:31,192.168.10.15,50313,52.87.101.173,443,6,0.050214,2,1,1,120,60,60,19.914764,sSE,0.050214
b8:ac:6f:1d:1f:6c,00:c1:b1:14:eb:31,192.168.10.9,63946,107.22.220.201,80,6,5.054068,6,3,3,366,180,186,0.989302,sSEfF,5.054068
b8:ac:6f:1d:1f:6c,00:c1:b1:14:eb:31,192.168.10.9,63982,72.21.81.64,80,6,0.023635,2,1,1,126,60,66,42.310135,sSE,0.023635
b8:ac:6f:1d:1f:6c,00:c1:b1:14:eb:31,192.168.10.9,63886,172.217.10.226,80,6,0.036919,2,1,1,126,60,66,27.086323,sSE,0.036919
00:1e:4f:d4:ca:28,00:c1:b1:14:eb:31,192.168.10.15,50400,23.194.140.15,443,6,0.023243,2,1,1,126,60,66,43.023705,sSE,0.023243
00:1e:4f:d4:ca:28,00:c1:b1:14:eb:31,192.168.10.15,50172,93.184.216.172,443,6,0.023085,2,1,1,126,60,66,43.318172,sSE,0.023085
b8:ac:6f:1d:1f:6c,00:c1:b1:14:eb:31,192.168.10.9,63084,172.217.10.6,443,6,0.053045,6,4,2,425,305,120,94.259590,EfF,0.053045
b8:ac:6f:1d:1f:6c,00:c1:b1:14:eb:31,192.168.10.9,63983,199.244.50.41,80,6,5.018927,5,3,2,306,180,126,0.796983,sSEfF,5.018927
b8:ac:6f:1d:1f:6c,00:c1:b1:14:eb:31,192.168.10.9,63213,23.194.108.16,443,6,0.024022,2,1,1,126,60,66,41.628506,E,0.024022
b8:ac:6f:36:07:ee,00:c1:b1:14:eb:31,192.168.10.14,51775,151.101.0.249,443,6,0.014981,2,1,1,126,60,66,66.751221,sSE,0.014981
b8:ac:6f:36:07:ee,00:c1:b1:14:eb:31,192.168.10.14,51769,104.97.123.150,443,6,0.023336,2,1,1,126,60,66,42.852245,sSE,0.023336
b8:ac:6f:36:0a:8b,00:c1:b1:14:eb:31,192.168.10.5,52121,162.208.20.178,443,6,0.635498,5,2,3,325,120,205,6.294276,sSEfF,0.635498
00:1e:4f:d4:ca:28,00:c1:b1:14:eb:31,192.168.10.15,50404,23.194.142.7,443,6,0.023070,2,1,1,126,60,66,43.346336,sSE,0.023070
b8:ac:6f:36:04:e3,00:c1:b1:14:eb:31,192.168.10.12,42720,172.217.12.132,80,6,2.817778,5,3,2,330,198,132,1.419558,sSEfF,2.817778
b8:ac:6f:36:04:e3,00:c1:b1:14:eb:31,192.168.10.12,38006,216.58.219.226,80,6,2.818238,5,3,2,330,198,132,1.419327,sSEfF,2.818238
b8:ac:6f:36:04:e3,00:c1:b1:14:eb:31,192.168.10.12,57584,72.247.10.24,80,6,1.807090,5,3,2,330,198,132,2.213503,sSEfF,1.807090
b8:ac:6f:36:04:e3,00:c1:b1:14:eb:31,192.168.10.12,37932,216.58.219.226,80,6,2.818232,5,3,2,330,198,132,1.419330,EfF,2.818232
18:66:da:9b:e3:7d,00:c1:b1:14:eb:31,192.168.10.3,61535,192.168.10.1,53,17,0.030637,2,1,1,312,92,220,32.640270,CON,0.030637
b8:ac:6f:36:07:ee,00:c1:b1:14:eb:31,192.168.10.14,51778,23.61.187.27,80,6,0.036937,2,1,1,126,60,66,27.073126,sSE,0.036937
b8:ac:6f:1d:1f:6c,00:c1:b1:14:eb:31,192.168.10.9,63899,69.169.86.38,443,6,0.022770,2,1,1,120,60,60,43.917435,sSE,0.022770
18:66:da:9b:e3:7d,00:c1:b1:14:eb:31,192.168.10.3,63689,131.253.61.80,443,6,0.302753,28,14,14,16966,3205,13761,89.181610,sEfF,0.302753
00:1e:4f:d4:ca:28,00:c1:b1:14:eb:31,192.168.10.15,50157,72.21.91.29,80,6,0.023747,2,1,1,126,60,66,42.110580,sSE,0.023747
00:1e:4f:d4:ca:28,00:c1:b1:14:eb:31,192.168.10.15,50398,72.21.91.29,80,6,0.023733,2,1,1,126,60,66,42.135426,sSE,0.023733
00:1e:4f:d4:ca:28,00:c1:b1:14:eb:31,192.168.10.15,50247,72.21.91.29,80,6,0.023699,2,1,1,126,60,66,42.195873,sSE,0.023699
00:1e:4f:d4:ca:28,00:c1:b1:14:eb:31,192.168.10.15,50407,23.194.142.7,443,6,0.022941,2,1,1,126,60,66,43.590076,sSE,0.022941
00:1e:4f:d4:ca:28,00:c1:b1:14:eb:31,192.168.10.15,50406,23.194.142.7,443,6,0.022927,2,1,1,126,60,66,43.616699,sSE,0.022927
b8:ac:6f:1d:1f:6c,00:c1:b1:14:eb:31,192.168.10.9,63119,74.121.138.156,443,6,0.023895,2,1,1,126,60,66,41.849762,E,0.023895
00:1e:4f:d4:ca:28,00:c1:b1:14:eb:31,192.168.10.15,50106,192.229.173.136,443,6,0.023285,2,1,1,126,60,66,42.946102,sSE,0.023285
00:1e:4f:d4:ca:28,00:c1:b1:14:eb:31,192.168.10.15,50378,23.194.140.15,443,6,0.022910,2,1,1,126,60,66,43.649059,sSE,0.022910
b8:ac:6f:36:07:ee,00:c1:b1:14:eb:31,192.168.10.14,51783,23.61.187.27,80,6,4.931889,5,3,2,306,180,126,0.811048,sSEfF,4.931889
00:1e:4f:d4:ca:28,18:66:da:9b:e3:7d,192.168.10.15,53665,192.168.10.3,53,17,0.031202,4,2,2,474,172,302,96.147682,CON,0.031202
18:66:da:9b:e3:7d,00:c1:b1:14:eb:31,192.168.10.3,60926,192.168.10.1,53,17,0.030818,2,1,1,259,97,162,32.448570,CON,0.030818
b8:ac:6f:36:0a:8b,00:c1:b1:14:eb:31,192.168.10.5,52120,149.56.241.131,443,6,0.134623,4,2,2,1423,703,720,22.284452,sSE,0.134623
18:66:da:9b:e3:7d,00:c1:b1:14:eb:31,192.168.10.3,61225,192.168.10.1,53,17,0.082987,2,1,1,229,96,133,12.050079,CON,0.082987
b8:ac:6f:1d:1f:6c,00:c1:b1:14:eb:31,192.168.10.9,63904,152.163.56.2,443,6,0.028536,2,1,1,120,60,60,35.043453,sSE,0.028536
b8:ac:6f:1d:1f:6c,00:c1:b1:14:eb:31,192.168.10.9,63616,184.31.6.135,443,6,0.028697,2,1,1,126,60,66,34.846848,E,0.028697
b8:ac:6f:36:0a:8b,00:c1:b1:14:eb:31,192.168.10.5,52086,52.204.155.195,443,6,0.000000,1,1,0,60,60,0,0.000000,sSE,0.000000
18:66:da:9b:e3:7d,00:c1:b1:14:eb:31,192.168.10.3,63690,13.82.187.188,443,6,0.282126,16,9,7,7566,2511,5055,53.167732,sE,0.282126
b8:ac:6f:36:07:ee,00:c1:b1:14:eb:31,192.168.10.14,51752,200.221.7.117,443,6,3.787160,7,4,3,451,265,186,1.584301,sSEfF,3.787160
00:c1:b1:14:eb:31,b8:ac:6f:1d:1f:6c,198.54.12.145,443,192.168.10.9,63081,6,0.000000,2,1,1,120,60,60,0.000000,E,0.000000
b8:ac:6f:36:0a:8b,00:c1:b1:14:eb:31,192.168.10.5,52123,151.101.0.166,443,6,0.000000,4,1,3,1025,60,965,0.000000,sSEfFR,0.000000
b8:ac:6f:1d:1f:6c,00:c1:b1:14:eb:31,192.168.10.9,63078,198.54.12.145,443,6,0.058654,2,1,1,120,60,60,17.049135,E,0.058654
b8:ac:6f:36:0a:8b,00:c1:b1:14:eb:31,192.168.10.5,52117,169.45.253.37,443,6,0.707419,5,2,3,325,120,205,5.654358,sSEfF,0.707419
b8:ac:6f:1d:1f:6c,00:c1:b1:14:eb:31,192.168.10.9,63900,52.8.165.87,443,6,0.086966,2,1,1,126,60,66,11.498747,sSE,0.086966
b8:ac:6f:36:0a:8b,00:c1:b1:14:eb:31,192.168.10.5,52062,208.100.17.179,443,6,0.032300,2,1,1,126,60,66,30.959753,sSE,0.032300
b8:ac:6f:1d:1f:6c,00:c1:b1:14:eb:31,192.168.10.9,63902,54.70.122.167,443,6,0.085781,2,1,1,126,60,66,11.657593,sSE,0.085781
b8:ac:6f:36:07:ee,00:c1:b1:14:eb:31,192.168.10.14,51809,52.84.26.239,443,6,0.029709,2,1,1,126,60,66,33.659832,sSE,0.029709
00:c1:b1:14:eb:31,b8:ac:6f:36:04:e3,85.111.71.114,80,192.168.10.12,53630,6,2.756800,5,2,3,300,120,180,1.450958,EfF,2.756800
b8:ac:6f:36:04:e3,00:c1:b1:14:eb:31,192.168.10.12,53628,85.111.71.114,80,6,2.906875,5,3,2,300,180,120,1.376048,EfF,2.906875
00:c1:b1:14:eb:31,b8:ac:6f:36:04:e3,85.111.71.114,80,192.168.10.12,53608,6,2.756353,5,2,3,300,120,180,1.451193,EfF,2.756353
b8:ac:6f:36:04:e3,00:c1:b1:14:eb:31,192.168.10.12,53606,85.111.71.114,80,6,2.912607,5,3,2,300,180,120,1.373340,EfF,2.912607
b8:ac:6f:36:04:e3,00:c1:b1:14:eb:31,192.168.10.12,53626,85.111.71.114,80,6,2.899666,5,3,2,300,180,120,1.379469,EfF,2.899666
00:1e:4f:d4:ca:28,00:c1:b1:14:eb:31,192.168.10.15,50179,199.187.193.140,443,6,0.060369,2,1,1,120,60,60,16.564793,sSE,0.060369
00:1e:4f:d4:ca:28,00:c1:b1:14:eb:31,192.168.10.15,50183,199.187.193.140,443,6,0.060193,2,1,1,120,60,60,16.613228,sSE,0.060193
00:1e:4f:d4:ca:28,00:c1:b1:14:eb:31,192.168.10.15,50112,199.187.193.140,443,6,0.060142,2,1,1,120,60,60,16.627316,sSE,0.060142
b8:ac:6f:36:07:ee,00:c1:b1:14:eb:31,192.168.10.14,51795,52.84.40.8,80,6,0.029869,2,1,1,126,60,66,33.479527,sSE,0.029869
00:1e:4f:d4:ca:28,00:c1:b1:14:eb:31,192.168.10.15,50181,199.187.193.140,443,6,0.059803,2,1,1,120,60,60,16.721569,sSE,0.059803
00:1e:4f:d4:ca:28,00:c1:b1:14:eb:31,192.168.10.15,50182,199.187.193.140,443,6,0.059789,2,1,1,120,60,60,16.725485,sSE,0.059789
00:1e:4f:d4:ca:28,00:c1:b1:14:eb:31,192.168.10.15,50180,199.187.193.140,443,6,0.059794,2,1,1,120,60,60,16.724085,sSE,0.059794
70:6e:6d:1d:bb:0d,01:00:0c:cc:cc:cc,01:00:0c:cc:cc:cc,170,70:6e:6d:1d:bb:0d,170,0,0.000000,1,1,0,458,458,0,0.000000,INT,0.000000
b8:ac:6f:1d:1f:6c,00:c1:b1:14:eb:31,192.168.10.9,63911,52.22.157.218,443,6,0.050162,2,1,1,120,60,60,19.935410,sSE,0.050162
b8:ac:6f:1d:1f:6c,00:c1:b1:14:eb:31,192.168.10.9,63920,129.146.14.101,443,6,0.089189,2,1,1,126,60,66,11.212145,sSE,0.089189
b8:ac:6f:36:07:ee,00:c1:b1:14:eb:31,192.168.10.14,51797,184.84.243.218,80,6,0.022155,2,1,1,126,60,66,45.136539,sSE,0.022155
b8:ac:6f:36:07:ee,00:c1:b1:14:eb:31,192.168.10.14,51812,52.84.26.147,443,6,0.030750,2,1,1,126,60,66,32.520325,sSE,0.030750
b8:ac:6f:1d:1f:6c,00:c1:b1:14:eb:31,192.168.10.9,63912,199.38.164.157,443,6,0.023268,2,1,1,120,60,60,42.977482,sSE,0.023268
b8:ac:6f:1d:1f:6c,18:66:da:9b:e3:7d,192.168.10.9,,192.168.10.3,,2054,0.000009,4,2,2,240,120,120,333333.312500,CON,0.000009
00:c1:b1:14:eb:31,b8:ac:6f:36:04:e3,172.217.6.200,443,192.168.10.12,42830,6,0.000003,3,1,2,290,112,178,666666.625000,E,0.000003
b8:ac:6f:36:0a:8b,00:c1:b1:14:eb:31,192.168.10.5,52122,184.72.116.124,443,6,3.075674,21,9,12,9439,2698,6741,6.502640,sSE,3.075674
00:1e:4f:d4:ca:28,00:c1:b1:14:eb:31,192.168.10.15,50195,23.50.75.27,80,6,0.023182,2,1,1,126,60,66,43.136917,sSE,0.023182
00:1e:4f:d4:ca:28,00:c1:b1:14:eb:31,192.168.10.15,50185,23.66.2.67,443,6,0.022634,2,1,1,126,60,66,44.181320,sSE,0.022634
b8:ac:6f:36:0a:8b,00:c1:b1:14:eb:31,192.168.10.5,52111,146.20.128.61,443,6,0.029438,7,3,4,1127,688,439,203.818192,sSE,0.029438
18:66:da:9b:e3:7d,00:c1:b1:14:eb:31,192.168.10.3,60794,192.168.10.1,53,17,0.392385,2,1,1,160,80,80,2.548517,CON,0.392385
18:66:da:9b:e3:7d,00:c1:b1:14:eb:31,192.168.10.3,60079,192.168.10.1,53,17,0.355353,2,1,1,160,80,80,2.814103,CON,0.355353
b8:ac:6f:1d:1f:6c,00:c1:b1:14:eb:31,192.168.10.9,63948,172.217.10.226,80,6,0.037160,2,1,1,126,60,66,26.910656,sSE,0.037160
00:c1:b1:14:eb:31,b8:ac:6f:36:04:e3,85.111.71.114,80,192.168.10.12,53614,6,3.244224,5,2,3,300,120,180,1.232960,EfF,3.244224
b8:ac:6f:1d:1f:6c,00:c1:b1:14:eb:31,192.168.10.9,63910,52.45.120.97,443,6,0.051276,2,1,1,120,60,60,19.502302,sSE,0.051276
b8:ac:6f:1d:1f:6c,00:c1:b1:14:eb:31,192.168.10.9,62786,172.217.6.238,443,6,0.053609,6,4,2,425,305,120,93.267921,EfF,0.053609
b8:ac:6f:36:0a:8b,00:c1:b1:14:eb:31,192.168.10.5,52126,151.101.0.166,443,6,4.739076,4,2,2,2297,1108,1189,0.633035,sSE,4.739076
b8:ac:6f:1d:1f:6c,00:c1:b1:14:eb:31,192.168.10.9,63916,104.97.103.209,443,6,0.023171,2,1,1,126,60,66,43.157394,sSE,0.023171
b8:ac:6f:1d:1f:6c,00:c1:b1:14:eb:31,192.168.10.9,63907,54.83.127.186,443,6,0.051066,2,1,1,126,60,66,19.582500,sSE,0.051066
b8:ac:6f:1d:1f:6c,00:c1:b1:14:eb:31,192.168.10.9,63924,34.195.155.162,443,6,0.050417,2,1,1,126,60,66,19.834579,sSE,0.050417
b8:ac:6f:36:07:ee,00:c1:b1:14:eb:31,192.168.10.14,51807,200.221.7.117,443,6,0.161059,2,1,1,126,60,66,6.208905,sSE,0.161059
b8:ac:6f:36:07:ee,00:c1:b1:14:eb:31,192.168.10.14,51800,104.88.89.135,443,6,0.022929,2,1,1,126,60,66,43.612892,sSE,0.022929
b8:ac:6f:36:0a:8b,00:c1:b1:14:eb:31,192.168.10.5,52106,206.126.112.150,443,6,0.014999,2,1,1,126,60,66,66.671112,sSE,0.014999
b8:ac:6f:1d:1f:6c,00:c1:b1:14:eb:31,192.168.10.9,63908,23.194.181.179,443,6,0.023287,2,1,1,126,60,66,42.942413,sSE,0.023287
b8:ac:6f:1d:1f:6c,00:c1:b1:14:eb:31,192.168.10.9,63957,23.61.187.27,80,6,0.039009,2,1,1,126,60,66,25.635109,sSE,0.039009
b8:ac:6f:1d:1f:6c,00:c1:b1:14:eb:31,192.168.10.9,63909,34.205.21.160,443,6,0.050538,2,1,1,126,60,66,19.787090,sSE,0.050538
b8:ac:6f:1d:1f:6c,00:c1:b1:14:eb:31,192.168.10.9,63934,54.165.89.238,443,6,0.050911,2,1,1,120,60,60,19.642120,sSE,0.050911
b8:ac:6f:1d:1f:6c,00:c1:b1:14:eb:31,192.168.10.9,63927,52.206.85.2,443,6,0.050539,2,1,1,120,60,60,19.786699,sSE,0.050539
b8:ac:6f:1d:1f:6c,00:c1:b1:14:eb:31,192.168.10.9,63988,34.202.69.17,80,6,0.050683,4,2,2,240,120,120,59.191444,sSEfF,0.050683
b8:ac:6f:1d:1f:6c,00:c1:b1:14:eb:31,192.168.10.9,63990,162.208.20.178,80,6,0.085913,4,2,2,240,120,120,34.919044,sSEfF,0.085913
b8:ac:6f:1d:1f:6c,00:c1:b1:14:eb:31,192.168.10.9,63991,162.208.20.178,80,6,0.086050,4,2,2,240,120,120,34.863453,sSEfF,0.086050
00:1e:4f:d4:ca:28,00:c1:b1:14:eb:31,192.168.10.15,50408,23.194.142.7,443,6,0.022907,2,1,1,126,60,66,43.654778,sSE,0.022907
b8:ac:6f:1d:1f:6c,00:c1:b1:14:eb:31,192.168.10.9,63932,63.251.28.140,443,6,0.032922,2,1,1,120,60,60,30.374826,sSE,0.032922
b8:ac:6f:1d:1f:6c,00:c1:b1:14:eb:31,192.168.10.9,63960,184.84.243.192,80,6,0.021964,2,1,1,126,60,66,45.529045,sSE,0.021964
b8:ac:6f:1d:1f:6c,00:c1:b1:14:eb:31,192.168.10.9,63919,34.194.193.178,443,6,0.050936,2,1,1,120,60,60,19.632481,sSE,0.050936
18:66:da:9b:e3:7d,00:c1:b1:14:eb:31,192.168.10.3,61782,192.168.10.1,53,17,0.030763,2,1,1,262,97,165,32.506584,CON,0.030763
18:66:da:9b:e3:7d,00:c1:b1:14:eb:31,192.168.10.3,60602,192.168.10.1,53,17,0.024147,2,1,1,273,97,176,41.413013,CON,0.024147
b8:ac:6f:1d:1f:6c,00:c1:b1:14:eb:31,192.168.10.9,62902,72.21.91.29,80,6,0.023911,2,1,1,126,60,66,41.821758,E,0.023911
b8:ac:6f:1d:1f:6c,00:c1:b1:14:eb:31,192.168.10.9,63913,199.187.193.130,443,6,0.059679,2,1,1,120,60,60,16.756313,sSE,0.059679
b8:ac:6f:36:0b:a8,00:19:b9:0a:69:f1,192.168.10.51,42247,192.168.10.50,22,6,1.334648,90,44,46,15590,5584,10006,66.684250,sSEfF,1.334648
b8:ac:6f:1d:1f:6c,00:c1:b1:14:eb:31,192.168.10.9,62901,72.21.91.29,80,6,0.023739,2,1,1,126,60,66,42.124771,E,0.023739
b8:ac:6f:1d:1f:6c,00:c1:b1:14:eb:31,192.168.10.9,63931,52.87.124.213,443,6,0.050678,2,1,1,126,60,66,19.732428,sSE,0.050678
b8:ac:6f:1d:1f:6c,00:c1:b1:14:eb:31,192.168.10.9,63925,52.6.174.16,443,6,0.050217,2,1,1,126,60,66,19.913576,sSE,0.050217
b8:ac:6f:1d:1f:6c,00:c1:b1:14:eb:31,192.168.10.9,63965,23.61.187.27,80,6,0.039545,2,1,1,126,60,66,25.287647,sSE,0.039545
b8:ac:6f:1d:1f:6c,00:c1:b1:14:eb:31,192.168.10.9,63966,23.61.187.27,80,6,0.039165,2,1,1,126,60,66,25.533001,sSE,0.039165
00:19:b9:0a:69:f1,18:66:da:9b:e3:7d,192.168.10.50,52094,192.168.10.3,3268,6,0.000369,6,4,2,1346,1070,276,13550.135742,E,0.000369
00:19:b9:0a:69:f1,18:66:da:9b:e3:7d,192.168.10.50,53114,192.168.10.3,389,6,0.000303,6,4,2,1834,1070,764,16501.650391,E,0.000303
b8:ac:6f:36:07:ee,00:c1:b1:14:eb:31,192.168.10.14,51756,151.101.0.249,443,6,0.015271,2,1,1,126,60,66,65.483597,sSE,0.015271
b8:ac:6f:1d:1f:6c,00:c1:b1:14:eb:31,192.168.10.9,63928,52.38.131.10,443,6,0.083774,2,1,1,126,60,66,11.936878,sSE,0.083774
b8:ac:6f:1d:1f:6c,00:c1:b1:14:eb:31,192.168.10.9,63952,52.84.40.214,80,6,0.030008,2,1,1,126,60,66,33.324448,sSE,0.030008
b8:ac:6f:36:07:ee,00:c1:b1:14:eb:31,192.168.10.14,51834,54.225.135.201,443,6,0.050206,2,1,1,126,60,66,19.917938,sSE,0.050206
b8:ac:6f:36:0a:8b,00:c1:b1:14:eb:31,192.168.10.5,49843,107.178.247.57,443,6,3.139624,87,41,46,14437,10821,3616,27.391813,E,3.139624
b8:ac:6f:1d:1f:6c,00:c1:b1:14:eb:31,192.168.10.9,62884,23.61.187.27,80,6,0.039048,2,1,1,126,60,66,25.609505,E,0.039048
00:1e:4f:d4:ca:28,00:c1:b1:14:eb:31,192.168.10.15,50323,192.35.249.120,443,6,0.029108,2,1,1,120,60,60,34.354816,sSE,0.029108
b8:ac:6f:1d:1f:6c,00:c1:b1:14:eb:31,192.168.10.9,63921,52.201.44.225,443,6,0.050403,2,1,1,120,60,60,19.840090,sSE,0.050403
b8:ac:6f:1d:1f:6c,00:c1:b1:14:eb:31,192.168.10.9,63996,162.208.20.178,80,6,0.085325,3,2,1,180,120,60,23.439789,sSEf,0.085325
b8:ac:6f:1d:1f:6c,00:c1:b1:14:eb:31,192.168.10.9,64001,208.81.233.32,80,6,0.040674,3,2,1,180,120,60,49.171459,sSEf,0.040674
b8:ac:6f:1d:1f:6c,00:c1:b1:14:eb:31,192.168.10.9,63989,23.194.180.170,80,6,0.027467,4,2,2,240,120,120,109.221977,sSEf,0.027467
b8:ac:6f:1d:1f:6c,00:c1:b1:14:eb:31,192.168.10.9,63994,162.208.20.178,80,6,0.085935,3,2,1,180,120,60,23.273405,sSEf,0.085935
b8:ac:6f:1d:1f:6c,00:c1:b1:14:eb:31,192.168.10.9,63993,34.202.69.17,80,6,0.051320,3,2,1,180,120,60,38.971161,sSEf,0.051320
b8:ac:6f:1d:1f:6c,00:c1:b1:14:eb:31,192.168.10.9,63999,23.194.180.170,80,6,0.025670,4,2,2,240,120,120,116.867943,sSEf,0.025670
b8:ac:6f:1d:1f:6c,00:c1:b1:14:eb:31,192.168.10.9,63995,54.228.200.142,443,6,0.103580,5,3,2,350,205,145,38.617493,sSEfR,0.103580
b8:ac:6f:1d:1f:6c,00:c1:b1:14:eb:31,192.168.10.9,63778,169.60.66.35,80,6,4.970429,5,3,2,300,180,120,0.804760,sSEfF,4.970429
00:1e:4f:d4:ca:28,00:c1:b1:14:eb:31,192.168.10.15,50238,151.101.20.166,443,6,0.023167,2,1,1,126,60,66,43.164848,sSE,0.023167
b8:ac:6f:1d:1f:6c,00:c1:b1:14:eb:31,192.168.10.9,63947,34.205.123.202,443,6,0.050200,2,1,1,126,60,66,19.920319,sSE,0.050200
b8:ac:6f:1d:1f:6c,00:c1:b1:14:eb:31,192.168.10.9,63944,52.38.131.10,443,6,0.084862,2,1,1,126,60,66,11.783837,sSE,0.084862
b8:ac:6f:1d:1f:6c,00:c1:b1:14:eb:31,192.168.10.9,63943,8.39.37.45,443,6,0.087207,2,1,1,126,60,66,11.466969,sSE,0.087207
b8:ac:6f:1d:1f:6c,00:c1:b1:14:eb:31,192.168.10.9,63951,52.52.86.145,443,6,0.087029,2,1,1,126,60,66,11.490422,sSE,0.087029
b8:ac:6f:1d:1f:6c,00:c1:b1:14:eb:31,192.168.10.9,63935,52.73.182.32,443,6,0.050523,2,1,1,126,60,66,19.792965,sSE,0.050523
b8:ac:6f:36:04:e3,00:c1:b1:14:eb:31,192.168.10.12,57578,72.247.10.24,80,6,2.991235,5,3,2,330,198,132,1.337240,sSEfF,2.991235
00:c1:b1:14:eb:31,b8:ac:6f:36:04:e3,85.111.71.101,80,192.168.10.12,57190,6,3.107224,5,2,3,300,120,180,1.287323,EfF,3.107224
b8:ac:6f:36:04:e3,00:c1:b1:14:eb:31,192.168.10.12,57580,72.247.10.24,80,6,2.990911,5,3,2,330,198,132,1.337385,sSEfF,2.990911
b8:ac:6f:36:07:ee,00:c1:b1:14:eb:31,192.168.10.14,51782,23.61.187.27,80,6,0.037098,2,1,1,126,60,66,26.955629,sSE,0.037098
b8:ac:6f:1d:1f:6c,00:c1:b1:14:eb:31,192.168.10.9,63953,23.61.187.27,80,6,0.038951,2,1,1,126,60,66,25.673283,sSE,0.038951
b8:ac:6f:1d:1f:6c,00:c1:b1:14:eb:31,192.168.10.9,63970,23.194.180.219,443,6,0.023313,2,1,1,126,60,66,42.894520,sSE,0.023313
b8:ac:6f:1d:1f:6c,00:c1:b1:14:eb:31,192.168.10.9,63962,34.203.79.94,443,6,0.050450,2,1,1,126,60,66,19.821606,sSE,0.050450
b8:ac:6f:1d:1f:6c,00:c1:b1:14:eb:31,192.168.10.9,63971,52.84.26.40,443,6,0.029791,2,1,1,126,60,66,33.567184,sSE,0.029791
b8:ac:6f:36:0b:a8,00:c1:b1:14:eb:31,192.168.10.51,37357,23.61.187.27,80,6,0.037076,2,1,1,132,66,66,26.971626,sSE,0.037076
b8:ac:6f:1d:1f:6c,00:c1:b1:14:eb:31,192.168.10.9,63090,198.54.12.145,443,6,1.602763,5,2,3,300,120,180,2.495690,E,1.602763
00:1e:4f:d4:ca:28,00:c1:b1:14:eb:31,192.168.10.15,50091,23.23.220.195,443,6,0.050956,2,1,1,120,60,60,19.624775,E,0.050956
b8:ac:6f:1d:1f:6c,00:c1:b1:14:eb:31,192.168.10.9,63792,184.84.243.218,80,6,0.022086,2,1,1,126,60,66,45.277550,sSE,0.022086
b8:ac:6f:36:0b:a8,00:c1:b1:14:eb:31,192.168.10.51,37358,23.61.187.27,80,6,0.037030,2,1,1,132,66,66,27.005131,sSE,0.037030
b8:ac:6f:36:07:ee,00:c1:b1:14:eb:31,192.168.10.14,51753,23.61.187.27,80,6,0.037061,2,1,1,126,60,66,26.982544,sSE,0.037061
b8:ac:6f:36:07:ee,00:c1:b1:14:eb:31,192.168.10.14,51804,23.61.187.27,80,6,0.037051,2,1,1,126,60,66,26.989824,sSE,0.037051
00:1e:4f:d4:ca:28,00:c1:b1:14:eb:31,192.168.10.15,50442,54.192.37.141,443,6,0.031096,2,1,1,126,60,66,32.158478,sSE,0.031096
00:c1:b1:14:eb:31,b8:ac:6f:1d:1f:6c,192.35.249.124,80,192.168.10.9,63033,6,4.695123,33,21,12,20322,18148,2174,6.815583,E,4.695123
00:1e:4f:d4:ca:28,00:c1:b1:14:eb:31,192.168.10.15,50264,199.187.193.19,443,6,0.059743,2,1,1,120,60,60,16.738363,sSE,0.059743
b8:ac:6f:36:04:e3,00:c1:b1:14:eb:31,192.168.10.12,40064,172.217.10.130,80,6,3.492000,5,3,2,330,198,132,1.145475,sSEfF,3.492000
00:1e:4f:d4:ca:28,00:c1:b1:14:eb:31,192.168.10.15,50337,23.1.25.111,443,6,0.049679,2,1,1,126,60,66,20.129230,sSE,0.049679
b8:ac:6f:1d:1f:6c,00:c1:b1:14:eb:31,192.168.10.9,62774,74.121.138.87,80,6,0.023928,2,1,1,126,60,66,41.792042,E,0.023928
b8:ac:6f:36:04:e3,00:c1:b1:14:eb:31,192.168.10.12,55406,172.217.7.3,443,6,0.036754,3,2,1,290,178,112,54.415844,E,0.036754
b8:ac:6f:36:04:e3,00:c1:b1:14:eb:31,192.168.10.12,54368,209.85.201.155,443,6,0.048980,3,2,1,290,178,112,40.832993,E,0.048980
b8:ac:6f:36:0a:8b,00:c1:b1:14:eb:31,192.168.10.5,52127,184.72.116.124,443,6,1.080141,8,4,4,5273,1293,3980,6.480636,sSE,1.080141
b8:ac:6f:36:0a:8b,00:c1:b1:14:eb:31,192.168.10.5,52076,52.72.49.160,443,6,0.000000,1,1,0,60,60,0,0.000000,sSE,0.000000
b8:ac:6f:36:0a:8b,00:c1:b1:14:eb:31,192.168.10.5,51912,13.58.183.249,443,6,0.040912,2,1,1,126,60,66,24.442707,E,0.040912
b8:ac:6f:36:0b:a8,00:19:b9:0a:69:f1,192.168.10.51,42248,192.168.10.50,22,6,1.347871,88,44,44,15202,5648,9554,64.546242,sSEfF,1.347871
b8:ac:6f:36:0a:8b,00:c1:b1:14:eb:31,192.168.10.5,51913,13.58.183.249,443,6,0.041181,2,1,1,126,60,66,24.283043,E,0.041181
b8:ac:6f:36:0b:a8,00:c1:b1:14:eb:31,192.168.10.51,35842,23.194.181.110,443,6,0.023151,2,1,1,132,66,66,43.194679,sSE,0.023151
b8:ac:6f:36:04:e3,00:c1:b1:14:eb:31,192.168.10.12,59818,92.45.106.142,80,6,3.095791,5,3,2,300,180,120,1.292077,sSEfF,3.095791
b8:ac:6f:36:04:e3,00:c1:b1:14:eb:31,192.168.10.12,59822,92.45.106.142,80,6,3.091736,5,3,2,300,180,120,1.293772,sSEfF,3.091736
00:c1:b1:14:eb:31,b8:ac:6f:36:04:e3,85.111.71.101,80,192.168.10.12,57170,6,3.098207,5,2,3,300,120,180,1.291069,EfF,3.098207
b8:ac:6f:36:0a:8b,00:c1:b1:14:eb:31,192.168.10.5,52109,13.58.205.97,443,6,0.040984,2,1,1,126,60,66,24.399765,sSE,0.040984
b8:ac:6f:36:0a:8b,00:c1:b1:14:eb:31,192.168.10.5,52108,13.58.205.97,443,6,0.041075,2,1,1,126,60,66,24.345711,sSE,0.041075
b8:ac:6f:36:0b:a8,00:c1:b1:14:eb:31,192.168.10.51,57364,52.84.28.145,443,6,0.031496,2,1,1,132,66,66,31.750065,sSE,0.031496
00:1e:4f:d4:ca:28,00:c1:b1:14:eb:31,192.168.10.15,50225,23.194.141.179,443,6,0.023120,2,1,1,126,60,66,43.252598,sSE,0.023120
00:25:00:a8:c4:60,00:c1:b1:14:eb:31,192.168.10.25,49840,173.194.175.109,465,6,3.956169,51,28,23,5402,2855,2547,12.638490,sSEfFR,3.956169
00:1e:4f:d4:ca:28,00:c1:b1:14:eb:31,192.168.10.15,50233,104.97.120.69,443,6,0.023640,2,1,1,126,60,66,42.301186,sSE,0.023640
b8:ac:6f:36:0b:a8,00:c1:b1:14:eb:31,192.168.10.51,35846,23.194.181.110,443,6,0.023287,2,1,1,132,66,66,42.942413,sSE,0.023287
b8:ac:6f:36:0b:a8,00:c1:b1:14:eb:31,192.168.10.51,44398,52.84.26.155,443,6,0.029835,2,1,1,132,66,66,33.517681,sSE,0.029835
00:23:ae:9b:ad:b3,00:c1:b1:14:eb:31,192.168.10.19,44162,151.101.0.67,443,6,0.015224,2,1,1,132,66,66,65.685760,sSE,0.015224
00:23:ae:9b:ad:b3,00:c1:b1:14:eb:31,192.168.10.19,44161,151.101.0.67,443,6,0.015284,2,1,1,132,66,66,65.427902,sSE,0.015284
00:23:ae:9b:ad:b3,00:c1:b1:14:eb:31,192.168.10.19,44163,151.101.0.67,443,6,0.015284,2,1,1,132,66,66,65.427902,sSE,0.015284
b8:ac:6f:36:0a:8b,00:c1:b1:14:eb:31,192.168.10.5,52118,52.4.97.10,443,6,0.050472,4,2,2,265,120,145,59.438900,sSEfFR,0.050472
b8:ac:6f:36:0a:8b,00:c1:b1:14:eb:31,192.168.10.5,52119,149.56.241.131,443,6,0.022687,5,2,3,325,120,205,176.312424,sSEfF,0.022687
00:23:ae:9b:95:67,00:c1:b1:14:eb:31,192.168.10.17,123,91.189.91.157,123,17,0.036616,2,1,1,180,90,90,27.310465,CON,0.036616
b8:ac:6f:1d:1f:6c,00:c1:b1:14:eb:31,192.168.10.9,64003,23.194.180.170,80,6,0.023390,3,2,1,192,126,66,85.506622,sSE,0.023390
00:1e:4f:d4:ca:28,00:c1:b1:14:eb:31,192.168.10.15,50467,38.65.9.35,443,6,0.032459,2,1,1,120,60,60,30.808098,sSE,0.032459
00:c1:b1:14:eb:31,b8:ac:6f:1d:1f:6c,198.54.12.145,80,192.168.10.9,63044,6,4.642252,10,6,4,3932,784,3148,1.938714,E,4.642252
b8:ac:6f:1d:1f:6c,00:c1:b1:14:eb:31,192.168.10.9,63260,198.54.12.111,80,6,0.556857,8,4,4,2186,1226,960,12.570553,E,0.556857
b8:ac:6f:1d:1f:6c,00:c1:b1:14:eb:31,192.168.10.9,64004,162.208.20.178,80,6,4.827283,15,8,7,3850,1268,2582,2.900182,sSE,4.827283
b8:ac:6f:1d:1f:6c,00:c1:b1:14:eb:31,192.168.10.9,64005,162.208.20.178,80,6,4.758520,11,6,5,2520,1136,1384,2.101494,sSE,4.758520
00:1e:4f:d4:ca:28,00:c1:b1:14:eb:31,192.168.10.15,50462,23.194.141.229,443,6,0.022987,2,1,1,126,60,66,43.502850,sSE,0.022987
00:c1:b1:14:eb:31,b8:ac:6f:1d:1f:6c,198.54.12.145,80,192.168.10.9,63046,6,4.649792,8,6,2,952,832,120,1.505444,E,4.649792
b8:ac:6f:1d:1f:6c,00:c1:b1:14:eb:31,192.168.10.9,63040,198.54.12.145,80,6,0.202529,4,1,3,452,60,392,14.812694,E,0.202529
b8:ac:6f:1d:1f:6c,00:c1:b1:14:eb:31,192.168.10.9,63983,199.244.50.41,80,6,0.000000,1,0,1,60,0,60,0.000000,sSEfF,0.000000
00:c1:b1:14:eb:31,b8:ac:6f:1d:1f:6c,198.54.12.145,80,192.168.10.9,63045,6,4.572696,8,5,3,2172,538,1634,1.530825,E,4.572696
b8:ac:6f:1d:1f:6c,00:c1:b1:14:eb:31,192.168.10.9,63998,199.233.57.18,80,6,4.729069,6,4,2,3944,1732,2212,1.057291,sSE,4.729069
b8:ac:6f:1d:1f:6c,18:66:da:9b:e3:7d,192.168.10.9,65022,192.168.10.3,53,17,0.031455,4,2,2,734,150,584,95.374344,CON,0.031455
b8:ac:6f:1d:1f:6c,18:66:da:9b:e3:7d,192.168.10.9,57601,192.168.10.3,53,17,0.061779,4,2,2,616,152,464,48.560192,CON,0.061779
18:66:da:9b:e3:7d,00:c1:b1:14:eb:31,192.168.10.3,62161,192.168.10.1,53,17,0.030960,2,1,1,368,120,248,32.299744,CON,0.030960
18:66:da:9b:e3:7d,00:c1:b1:14:eb:31,192.168.10.3,61372,192.168.10.1,53,17,0.061212,2,1,1,316,94,222,16.336666,CON,0.061212
b8:ac:6f:1d:1f:6c,18:66:da:9b:e3:7d,192.168.10.9,50364,192.168.10.3,53,17,0.060711,4,2,2,468,150,318,49.414440,CON,0.060711
18:66:da:9b:e3:7d,00:c1:b1:14:eb:31,192.168.10.3,61342,192.168.10.1,53,17,0.060299,2,1,1,202,93,109,16.584023,CON,0.060299
00:23:ae:9b:ad:b3,00:c1:b1:14:eb:31,192.168.10.19,123,91.189.91.157,123,17,0.036801,2,1,1,180,90,90,27.173176,CON,0.036801
00:23:ae:9b:ad:b3,00:c1:b1:14:eb:31,192.168.10.19,123,192.95.27.155,123,17,0.016326,2,1,1,180,90,90,61.251987,CON,0.016326
b8:ac:6f:36:0b:a8,00:c1:b1:14:eb:31,192.168.10.51,58045,172.217.6.200,443,6,0.036364,2,1,1,132,66,66,27.499725,sSE,0.036364
b8:ac:6f:1d:1f:6c,00:c1:b1:14:eb:31,192.168.10.9,64006,162.208.20.178,80,6,0.085531,3,2,1,192,126,66,23.383335,sSE,0.085531
b8:ac:6f:1d:1f:6c,00:c1:b1:14:eb:31,192.168.10.9,64007,162.208.20.178,80,6,0.085397,3,2,1,192,126,66,23.420027,sSE,0.085397
b8:ac:6f:1d:1f:6c,00:c1:b1:14:eb:31,192.168.10.9,62875,172.217.10.130,80,6,4.702255,6,4,2,2914,1234,1680,1.063320,E,4.702255
00:c1:b1:14:eb:31,b8:ac:6f:1d:1f:6c,52.3.119.216,80,192.168.10.9,63072,6,4.945224,10,4,6,10686,5691,4995,1.819938,E,4.945224
b8:ac:6f:1d:1f:6c,00:c1:b1:14:eb:31,192.168.10.9,63248,23.194.180.169,80,6,4.790711,8,4,4,2174,990,1184,1.461161,E,4.790711
b8:ac:6f:1d:1f:6c,18:66:da:9b:e3:7d,192.168.10.9,65532,192.168.10.3,53,17,0.000261,4,2,2,692,218,474,11494.252930,CON,0.000261
b8:ac:6f:1d:1f:6c,00:c1:b1:14:eb:31,192.168.10.9,64008,23.21.93.18,80,6,2.773953,7,4,3,432,246,186,2.162978,sSEf,2.773953
b8:ac:6f:1d:1f:6c,00:c1:b1:14:eb:31,192.168.10.9,64009,23.21.93.18,80,6,2.773803,13,7,6,2156,806,1350,4.326190,sSEfF,2.773803
b8:ac:6f:1d:1f:6c,18:66:da:9b:e3:7d,192.168.10.9,55357,192.168.10.3,53,17,0.000204,4,2,2,588,166,422,14705.882812,CON,0.000204
b8:ac:6f:1d:1f:6c,18:66:da:9b:e3:7d,192.168.10.9,51750,192.168.10.3,53,17,0.000120,4,2,2,360,164,196,25000.000000,CON,0.000120
00:1e:4f:d4:ca:28,00:c1:b1:14:eb:31,192.168.10.15,50468,38.65.9.35,443,6,0.032697,2,1,1,120,60,60,30.583845,sSE,0.032697
00:1e:4f:d4:ca:28,00:c1:b1:14:eb:31,192.168.10.15,50466,38.65.9.35,443,6,0.032696,2,1,1,120,60,60,30.584780,sSE,0.032696
00:1e:4f:d4:ca:28,00:c1:b1:14:eb:31,192.168.10.15,50463,38.65.9.35,443,6,0.032438,2,1,1,120,60,60,30.828043,sSE,0.032438
00:23:ae:9b:ad:b3,00:c1:b1:14:eb:31,192.168.10.19,48658,172.217.12.174,80,6,0.036244,2,1,1,132,66,66,27.590773,sSE,0.036244
b8:ac:6f:1d:1f:6c,18:66:da:9b:e3:7d,192.168.10.9,55257,192.168.10.3,53,17,0.000199,4,2,2,328,148,180,15075.376953,CON,0.000199
b8:ac:6f:1d:1f:6c,18:66:da:9b:e3:7d,192.168.10.9,53105,192.168.10.3,53,17,0.000140,4,2,2,328,148,180,21428.570312,CON,0.000140
b8:ac:6f:1d:1f:6c,18:66:da:9b:e3:7d,192.168.10.9,54514,192.168.10.3,53,17,0.000170,4,2,2,426,148,278,17647.058594,CON,0.000170
00:1e:4f:d4:ca:28,00:c1:b1:14:eb:31,192.168.10.15,50261,169.60.66.38,443,6,0.042317,2,1,1,120,60,60,23.631165,sSE,0.042317
b8:ac:6f:1d:1f:6c,00:c1:b1:14:eb:31,192.168.10.9,64010,23.194.180.170,80,6,0.023440,3,2,1,192,126,66,85.324234,sSE,0.023440
b8:ac:6f:1d:1f:6c,00:c1:b1:14:eb:31,192.168.10.9,64011,67.226.210.15,80,6,3.012213,7,4,3,432,246,186,1.991891,sSEf,3.012213
b8:ac:6f:1d:1f:6c,00:c1:b1:14:eb:31,192.168.10.9,64012,67.226.210.15,80,6,3.012765,11,6,5,1539,721,818,3.319210,sSEfF,3.012765
b8:ac:6f:36:0b:a8,00:c1:b1:14:eb:31,192.168.10.51,52904,23.23.249.42,443,6,0.050657,2,1,1,132,66,66,19.740608,sSE,0.050657
00:23:ae:9b:ad:b3,00:c1:b1:14:eb:31,192.168.10.19,54443,151.101.20.67,443,6,0.023402,2,1,1,132,66,66,42.731392,sSE,0.023402
00:23:ae:9b:ad:b3,00:c1:b1:14:eb:31,192.168.10.19,46847,172.217.3.110,443,6,0.036831,2,1,1,132,66,66,27.151043,sSE,0.036831
b8:ac:6f:1d:1f:6c,00:c1:b1:14:eb:31,192.168.10.9,64002,173.241.242.220,80,6,0.424450,6,3,3,3025,941,2084,11.779950,sSE,0.424450
00:1e:4f:d4:ca:28,00:c1:b1:14:eb:31,192.168.10.15,50122,23.50.75.27,80,6,0.023147,2,1,1,126,60,66,43.202145,sSE,0.023147
00:1e:4f:d4:ca:28,00:c1:b1:14:eb:31,192.168.10.15,50486,65.55.252.202,443,6,1.005099,17,9,8,7310,2074,5236,15.918829,sSER,1.005099
b8:ac:6f:36:07:ee,00:c1:b1:14:eb:31,192.168.10.14,51769,104.97.123.150,443,6,0.023645,6,3,3,410,205,205,211.461197,sSEfR,0.023645
b8:ac:6f:36:07:ee,00:c1:b1:14:eb:31,192.168.10.14,51778,23.61.187.27,80,6,0.060017,3,2,1,180,120,60,33.323891,sSEfF,0.060017
b8:ac:6f:36:07:ee,00:c1:b1:14:eb:31,192.168.10.14,51775,151.101.0.249,443,6,0.015285,6,3,3,410,205,205,327.118073,sSEfFR,0.015285
00:c1:b1:14:eb:31,00:23:ae:9b:8a:bf,198.252.206.25,443,192.168.10.16,47326,6,0.000243,3,2,1,2703,2637,66,8230.452148,E,0.000243
b8:ac:6f:36:04:e3,00:c1:b1:14:eb:31,192.168.10.12,36846,172.217.6.193,443,6,0.036872,3,2,1,290,178,112,54.241703,E,0.036872
00:1e:4f:d4:ca:28,00:c1:b1:14:eb:31,192.168.10.15,50473,52.84.26.47,443,6,0.029842,2,1,1,126,60,66,33.509819,sSE,0.029842
b8:ac:6f:36:0a:8b,00:c1:b1:14:eb:31,192.168.10.5,52081,104.97.122.33,443,6,0.022901,2,1,1,126,60,66,43.666214,sSE,0.022901
b8:ac:6f:36:0b:a8,00:c1:b1:14:eb:31,192.168.10.51,46937,69.147.64.33,443,6,0.037339,2,1,1,132,66,66,26.781651,sSE,0.037339
00:1e:4f:d4:ca:28,00:c1:b1:14:eb:31,192.168.10.15,50482,192.35.249.123,443,6,1.067067,7,3,4,4092,1603,2489,5.622890,sSE,1.067067
00:1e:4f:d4:ca:28,00:c1:b1:14:eb:31,192.168.10.15,50322,23.15.4.8,80,6,0.015202,2,1,1,126,60,66,65.780823,sSE,0.015202
00:1e:4f:d4:ca:28,00:c1:b1:14:eb:31,192.168.10.15,50321,23.15.4.8,80,6,0.015202,2,1,1,126,60,66,65.780823,sSE,0.015202
b8:ac:6f:36:0b:a8,00:c1:b1:14:eb:31,192.168.10.51,47974,204.79.197.200,443,6,0.022240,2,1,1,132,66,66,44.964027,sSE,0.022240
b8:ac:6f:36:0b:a8,00:c1:b1:14:eb:31,192.168.10.51,59019,52.84.30.244,443,6,0.031078,2,1,1,132,66,66,32.177105,sSE,0.031078
b8:ac:6f:36:0b:a8,00:c1:b1:14:eb:31,192.168.10.51,48889,104.88.70.158,443,6,0.023172,2,1,1,132,66,66,43.155533,sSE,0.023172
b8:ac:6f:36:0b:a8,00:c1:b1:14:eb:31,192.168.10.51,38477,172.217.10.70,443,6,0.036340,2,1,1,132,66,66,27.517887,sSE,0.036340
b8:ac:6f:36:0b:a8,00:c1:b1:14:eb:31,192.168.10.51,45753,172.217.3.110,443,6,0.037011,2,1,1,132,66,66,27.018993,sSE,0.037011
b8:ac:6f:36:0b:a8,00:c1:b1:14:eb:31,192.168.10.51,36507,98.139.225.35,443,6,0.024647,2,1,1,132,66,66,40.572891,sSE,0.024647
00:1e:4f:d4:ca:28,00:c1:b1:14:eb:31,192.168.10.15,50129,151.101.128.249,443,6,0.014969,2,1,1,126,60,66,66.804733,sSE,0.014969
b8:ac:6f:36:0a:8b,00:c1:b1:14:eb:31,192.168.10.5,52088,146.20.129.51,443,6,0.028627,2,1,1,120,60,60,34.932056,sSE,0.028627
b8:ac:6f:36:04:e3,00:c1:b1:14:eb:31,192.168.10.12,35264,92.45.106.102,80,6,3.045788,5,3,2,300,180,120,1.313289,sSEfF,3.045788
b8:ac:6f:36:0b:a8,00:c1:b1:14:eb:31,192.168.10.51,54785,52.84.33.9,443,6,0.031002,2,1,1,132,66,66,32.255985,sSE,0.031002
b8:ac:6f:36:0b:a8,00:c1:b1:14:eb:31,192.168.10.51,37399,23.61.187.27,80,6,0.038947,2,1,1,132,66,66,25.675919,sSE,0.038947
00:1e:4f:d4:ca:28,00:c1:b1:14:eb:31,192.168.10.15,50125,52.84.40.102,443,6,0.031224,2,1,1,126,60,66,32.026646,sSE,0.031224
00:1e:4f:d4:ca:28,00:c1:b1:14:eb:31,192.168.10.15,50119,104.88.89.135,443,6,0.023497,2,1,1,126,60,66,42.558624,sSE,0.023497
b8:ac:6f:36:0a:8b,00:c1:b1:14:eb:31,192.168.10.5,52090,54.192.37.143,443,6,0.029512,2,1,1,126,60,66,33.884521,sSE,0.029512
b8:ac:6f:36:0b:a8,00:c1:b1:14:eb:31,192.168.10.51,50260,104.70.0.193,443,6,0.098628,2,1,1,132,66,66,10.139109,sSE,0.098628
b8:ac:6f:36:0b:a8,00:c1:b1:14:eb:31,192.168.10.51,38550,74.125.22.154,443,6,0.049517,2,1,1,132,66,66,20.195086,sSE,0.049517
00:1e:4f:d4:ca:28,00:c1:b1:14:eb:31,192.168.10.15,50327,192.82.242.30,443,6,0.023977,2,1,1,120,60,60,41.706635,sSE,0.023977
00:1e:4f:d4:ca:28,00:c1:b1:14:eb:31,192.168.10.15,50296,64.12.245.38,443,6,0.028518,2,1,1,120,60,60,35.065571,sSE,0.028518
00:1e:4f:d4:ca:28,00:c1:b1:14:eb:31,192.168.10.15,50244,52.84.40.136,80,6,0.031239,2,1,1,126,60,66,32.011269,sSE,0.031239
b8:ac:6f:36:0b:a8,00:c1:b1:14:eb:31,192.168.10.51,46321,52.84.26.175,443,6,0.029692,2,1,1,132,66,66,33.679104,sSE,0.029692
b8:ac:6f:36:0b:a8,00:c1:b1:14:eb:31,192.168.10.51,50364,96.43.146.134,443,6,0.042437,2,1,1,132,66,66,23.564342,sSE,0.042437
b8:ac:6f:36:0b:a8,00:c1:b1:14:eb:31,192.168.10.51,37405,23.61.187.27,80,6,0.036933,2,1,1,132,66,66,27.076056,sSE,0.036933
00:1e:4f:d4:ca:28,00:c1:b1:14:eb:31,192.168.10.15,50297,52.84.28.125,443,6,0.029803,2,1,1,126,60,66,33.553669,sSE,0.029803
b8:ac:6f:36:0b:a8,00:c1:b1:14:eb:31,192.168.10.51,32907,96.43.146.17,443,6,0.043379,2,1,1,132,66,66,23.052628,sSE,0.043379
b8:ac:6f:36:0b:a8,00:c1:b1:14:eb:31,192.168.10.51,59258,34.206.223.3,443,6,0.050693,2,1,1,132,66,66,19.726589,sSE,0.050693
b8:ac:6f:36:0b:a8,00:c1:b1:14:eb:31,192.168.10.51,53763,209.167.231.17,443,6,0.022775,2,1,1,132,66,66,43.907795,sSE,0.022775
b8:ac:6f:36:07:ee,00:c1:b1:14:eb:31,192.168.10.14,51797,184.84.243.218,80,6,0.021948,3,2,1,180,120,60,91.124474,sSEfF,0.021948
b8:ac:6f:36:07:ee,00:c1:b1:14:eb:31,192.168.10.14,51795,52.84.40.8,80,6,0.029606,3,2,1,180,120,60,67.553879,sSEfF,0.029606
b8:ac:6f:36:07:ee,00:c1:b1:14:eb:31,192.168.10.14,51754,104.16.23.11,443,6,0.078110,3,2,1,260,160,100,25.604916,sSE,0.078110
00:1e:4f:d4:ca:28,00:c1:b1:14:eb:31,192.168.10.15,50305,63.135.90.143,443,6,0.035944,2,1,1,120,60,60,27.821054,sSE,0.035944
b8:ac:6f:36:0b:a8,00:c1:b1:14:eb:31,192.168.10.51,35508,172.217.12.132,443,6,0.036855,2,1,1,132,66,66,27.133360,sSE,0.036855
b8:ac:6f:36:0b:a8,00:c1:b1:14:eb:31,192.168.10.51,45848,130.211.18.204,443,6,0.053021,2,1,1,132,66,66,18.860453,sSE,0.053021
b8:ac:6f:36:0b:a8,00:c1:b1:14:eb:31,192.168.10.51,59272,34.206.223.3,443,6,0.050289,2,1,1,132,66,66,19.885063,sSE,0.050289
b8:ac:6f:36:0b:a8,00:c1:b1:14:eb:31,192.168.10.51,59271,34.206.223.3,443,6,0.050984,2,1,1,132,66,66,19.613997,sSE,0.050984
00:1e:4f:d4:ca:28,00:c1:b1:14:eb:31,192.168.10.15,50273,152.163.13.4,443,6,0.093385,2,1,1,120,60,60,10.708358,sSE,0.093385
b8:ac:6f:36:04:e3,00:c1:b1:14:eb:31,192.168.10.12,59106,172.217.10.66,443,6,0.036150,3,2,1,290,178,112,55.325031,E,0.036150
b8:ac:6f:36:04:e3,00:c1:b1:14:eb:31,192.168.10.12,38624,216.58.219.227,443,6,0.036404,3,2,1,290,178,112,54.939018,E,0.036404
00:23:ae:9b:ad:b3,18:66:da:9b:e3:7d,192.168.10.19,19778,192.168.10.3,53,17,3.634454,4,0,4,276,0,276,0.825433,RSP,3.634454
00:23:ae:9b:ad:b3,18:66:da:9b:e3:7d,192.168.10.19,57399,192.168.10.3,53,17,0.000004,2,0,2,138,0,138,250000.000000,RSP,0.000004
00:23:ae:9b:ad:b3,18:66:da:9b:e3:7d,192.168.10.19,0x0303,192.168.10.3,0x37e0,1,0.000004,2,2,0,194,194,0,250000.000000,URP,0.000004
00:23:ae:9b:ad:b3,18:66:da:9b:e3:7d,192.168.10.19,39515,192.168.10.3,53,17,3.634552,4,0,4,276,0,276,0.825411,RSP,3.634552
00:23:ae:9b:ad:b3,18:66:da:9b:e3:7d,192.168.10.19,3397,192.168.10.3,53,17,0.000002,2,0,2,138,0,138,500000.000000,RSP,0.000002
00:23:ae:9b:ad:b3,18:66:da:9b:e3:7d,192.168.10.19,0x0303,192.168.10.3,0x450d,1,0.000002,2,2,0,194,194,0,500000.000000,URP,0.000002
00:23:ae:9b:ad:b3,18:66:da:9b:e3:7d,192.168.10.19,59032,192.168.10.3,53,17,3.633830,4,2,2,276,138,138,0.825575,CON,3.633830
00:23:ae:9b:ad:b3,18:66:da:9b:e3:7d,192.168.10.19,16761,192.168.10.3,53,17,3.633656,4,2,2,276,138,138,0.825615,CON,3.633656
b8:ac:6f:36:0a:8b,00:c1:b1:14:eb:31,192.168.10.5,52130,162.208.20.178,443,6,0.349629,14,7,7,4926,748,4178,37.182270,sSEfF,0.349629
b8:ac:6f:36:0a:8b,00:c1:b1:14:eb:31,192.168.10.5,52131,162.208.20.178,443,6,0.346905,14,7,7,4926,748,4178,37.474236,sSEfF,0.346905
b8:ac:6f:36:0b:a8,00:c1:b1:14:eb:31,192.168.10.51,34242,169.54.129.38,443,6,0.077291,2,1,1,120,60,60,12.938117,sSE,0.077291
b8:ac:6f:36:0b:a8,00:c1:b1:14:eb:31,192.168.10.51,57388,34.193.204.90,443,6,0.050377,2,1,1,132,66,66,19.850328,sSE,0.050377
b8:ac:6f:36:0b:a8,00:c1:b1:14:eb:31,192.168.10.51,35344,172.217.10.142,80,6,0.036890,2,1,1,132,66,66,27.107616,sSE,0.036890
00:1e:4f:d4:ca:28,00:c1:b1:14:eb:31,192.168.10.15,50152,52.84.40.77,443,6,0.029548,2,1,1,126,60,66,33.843239,sSE,0.029548
b8:ac:6f:36:0a:8b,00:c1:b1:14:eb:31,192.168.10.5,52086,52.204.155.195,443,6,0.149718,4,2,2,2629,1290,1339,20.037670,sSE,0.149718
b8:ac:6f:36:0a:8b,00:c1:b1:14:eb:31,192.168.10.5,52125,151.101.0.166,443,6,0.109703,4,2,2,2349,1160,1189,27.346563,sSE,0.109703
b8:ac:6f:36:0b:a8,00:c1:b1:14:eb:31,192.168.10.51,34257,169.54.129.38,443,6,0.077077,2,1,1,120,60,60,12.974039,sSE,0.077077
00:23:ae:9b:95:67,00:c1:b1:14:eb:31,192.168.10.17,123,184.105.182.7,123,17,0.081653,2,1,1,180,90,90,12.246947,CON,0.081653
b8:ac:6f:36:0a:8b,00:c1:b1:14:eb:31,192.168.10.5,52132,146.20.128.61,443,6,0.160588,23,13,10,6067,1888,4179,136.996536,sSE,0.160588
b8:ac:6f:36:0a:8b,00:c1:b1:14:eb:31,192.168.10.5,51860,169.54.182.108,443,6,0.144574,6,3,3,2150,1494,656,34.584366,E,0.144574
b8:ac:6f:36:0b:a8,00:c1:b1:14:eb:31,192.168.10.51,36620,172.217.12.131,443,6,0.037024,2,1,1,132,66,66,27.009508,sSE,0.037024
b8:ac:6f:36:0a:8b,00:c1:b1:14:eb:31,192.168.10.5,52111,146.20.128.61,443,6,0.438033,63,20,43,20311,15431,4880,141.541840,sSE,0.438033
b8:ac:6f:36:0a:8b,00:c1:b1:14:eb:31,192.168.10.5,52133,169.54.182.108,443,6,0.197418,8,4,4,1198,802,396,35.457760,sSE,0.197418
00:1e:4f:d4:ca:28,00:c1:b1:14:eb:31,192.168.10.15,50246,52.84.40.136,80,6,0.030787,2,1,1,126,60,66,32.481243,sSE,0.030787
00:1e:4f:d4:ca:28,00:c1:b1:14:eb:31,192.168.10.15,50160,54.192.36.34,443,6,0.029197,2,1,1,126,60,66,34.250095,sSE,0.029197
b8:ac:6f:1d:1f:6c,18:66:da:9b:e3:7d,192.168.10.9,49740,192.168.10.3,53,17,0.072261,4,2,2,442,168,274,41.516171,CON,0.072261
b8:ac:6f:1d:1f:6c,18:66:da:9b:e3:7d,192.168.10.9,52822,192.168.10.3,53,17,0.000430,4,2,2,420,172,248,6976.744629,CON,0.000430
18:66:da:9b:e3:7d,00:c1:b1:14:eb:31,192.168.10.3,60185,192.168.10.1,53,17,0.071441,2,1,1,243,95,148,13.997564,CON,0.071441
b8:ac:6f:36:0a:8b,00:c1:b1:14:eb:31,192.168.10.5,52096,46.105.203.17,443,6,0.084679,25,12,13,14793,887,13906,283.423279,sSE,0.084679
b8:ac:6f:36:0a:8b,00:c1:b1:14:eb:31,192.168.10.5,52134,149.56.241.131,443,6,0.216540,13,7,6,4047,1491,2556,55.417015,sSE,0.216540
b8:ac:6f:36:0a:8b,00:c1:b1:14:eb:31,192.168.10.5,52120,149.56.241.131,443,6,0.303102,4,2,2,1574,854,720,9.897658,sSE,0.303102
b8:ac:6f:36:0a:8b,00:c1:b1:14:eb:31,192.168.10.5,52135,23.194.182.12,443,6,0.111386,8,4,4,1194,802,392,62.844521,sSE,0.111386
b8:ac:6f:36:0a:8b,00:c1:b1:14:eb:31,192.168.10.5,52136,23.194.182.12,443,6,0.111275,8,4,4,1194,802,392,62.907211,sSE,0.111275
b8:ac:6f:36:0b:a8,00:c1:b1:14:eb:31,192.168.10.51,50411,96.43.146.134,443,6,0.167952,19,8,11,2858,1499,1359,107.173477,sSEfF,0.167952
b8:ac:6f:36:0b:a8,18:66:da:9b:e3:7d,192.168.10.51,50319,192.168.10.3,53,17,0.000009,4,2,2,456,182,274,333333.312500,CON,0.000009
b8:ac:6f:36:0b:a8,00:c1:b1:14:eb:31,192.168.10.51,45771,172.217.3.110,443,6,0.036534,2,1,1,132,66,66,27.371763,sSE,0.036534
00:1e:4f:d4:ca:28,00:c1:b1:14:eb:31,192.168.10.15,50310,199.187.193.19,443,6,0.060010,2,1,1,120,60,60,16.663889,sSE,0.060010
00:1e:4f:d4:ca:28,00:c1:b1:14:eb:31,192.168.10.15,50308,199.187.193.19,443,6,0.059350,2,1,1,120,60,60,16.849199,sSE,0.059350
b8:ac:6f:1d:1f:6c,00:c1:b1:14:eb:31,192.168.10.9,63091,198.54.12.145,443,6,0.059112,2,1,1,120,60,60,16.917038,E,0.059112
00:23:ae:9b:8a:bf,00:c1:b1:14:eb:31,192.168.10.16,40584,77.247.179.176,443,6,0.000000,1,1,0,60,60,0,0.000000,EfF,0.000000
00:23:ae:9b:8a:bf,00:c1:b1:14:eb:31,192.168.10.16,40586,77.247.179.176,443,6,0.000000,1,1,0,60,60,0,0.000000,EfF,0.000000
00:1e:4f:d4:ca:28,00:c1:b1:14:eb:31,192.168.10.15,50103,104.88.75.116,443,6,0.023760,2,1,1,126,60,66,42.087543,sSE,0.023760
b8:ac:6f:1d:1f:6c,00:c1:b1:14:eb:31,192.168.10.9,62708,23.15.4.11,80,6,0.015273,2,1,1,126,60,66,65.475021,E,0.015273
00:1e:4f:d4:ca:28,00:c1:b1:14:eb:31,192.168.10.15,50236,52.87.101.173,443,6,0.409521,6,3,3,385,180,205,12.209386,sSEfF,0.409521
b8:ac:6f:36:0b:a8,00:c1:b1:14:eb:31,192.168.10.51,36789,72.21.91.29,80,6,0.023750,2,1,1,132,66,66,42.105263,sSE,0.023750
00:1e:4f:d4:ca:28,00:c1:b1:14:eb:31,192.168.10.15,50309,199.187.193.19,443,6,0.060079,2,1,1,120,60,60,16.644751,sSE,0.060079
00:1e:4f:d4:ca:28,00:c1:b1:14:eb:31,192.168.10.15,50279,199.187.193.19,443,6,0.060066,2,1,1,120,60,60,16.648354,sSE,0.060066
b8:ac:6f:1d:1f:6c,00:c1:b1:14:eb:31,192.168.10.9,63039,198.54.12.145,80,6,2.239787,6,2,4,572,120,452,2.232355,E,2.239787
b8:ac:6f:36:04:e3,00:c1:b1:14:eb:31,192.168.10.12,50794,92.45.106.166,80,6,2.769426,5,3,2,300,180,120,1.444343,sSEfF,2.769426
00:1e:4f:d4:ca:28,00:c1:b1:14:eb:31,192.168.10.15,50306,199.187.193.19,443,6,0.060133,2,1,1,120,60,60,16.629805,sSE,0.060133
00:1e:4f:d4:ca:28,00:c1:b1:14:eb:31,192.168.10.15,50314,199.187.193.19,80,6,0.060142,2,1,1,120,60,60,16.627316,sSE,0.060142
00:1e:4f:d4:ca:28,00:c1:b1:14:eb:31,192.168.10.15,50107,151.101.208.249,443,6,0.023294,2,1,1,126,60,66,42.929508,sSE,0.023294
b8:ac:6f:1d:1f:6c,00:c1:b1:14:eb:31,192.168.10.9,62785,52.206.85.2,80,6,0.050560,2,1,1,126,60,66,19.778481,E,0.050560
b8:ac:6f:36:0b:a8,00:c1:b1:14:eb:31,192.168.10.51,32931,96.43.146.17,443,6,0.041187,2,1,1,132,66,66,24.279507,sSE,0.041187
00:1e:4f:d4:ca:28,00:c1:b1:14:eb:31,192.168.10.15,50339,23.208.165.24,80,6,0.023433,2,1,1,126,60,66,42.674862,sSE,0.023433
b8:ac:6f:36:07:ee,00:c1:b1:14:eb:31,192.168.10.14,51786,216.58.219.226,443,6,0.092809,3,2,1,260,160,100,21.549635,sSE,0.092809
b8:ac:6f:36:07:ee,00:c1:b1:14:eb:31,192.168.10.14,51800,104.88.89.135,443,6,0.023020,7,3,4,470,205,265,260.642914,sSEfR,0.023020
b8:ac:6f:1d:1f:6c,00:c1:b1:14:eb:31,192.168.10.9,63082,198.54.12.145,443,6,0.058919,2,1,1,120,60,60,16.972454,E,0.058919
b8:ac:6f:36:0b:a8,00:c1:b1:14:eb:31,192.168.10.51,37382,23.61.187.27,80,6,0.038943,2,1,1,132,66,66,25.678556,sSE,0.038943
b8:ac:6f:36:04:e3,00:c1:b1:14:eb:31,192.168.10.12,45544,31.13.80.12,443,6,0.022190,3,2,1,290,178,112,90.130684,sSE,0.022190
00:1e:4f:d4:ca:28,00:c1:b1:14:eb:31,192.168.10.15,50355,152.163.66.131,443,6,0.028393,2,1,1,120,60,60,35.219948,sSE,0.028393
00:1e:4f:d4:ca:28,00:c1:b1:14:eb:31,192.168.10.15,50277,152.163.56.2,443,6,0.028393,2,1,1,120,60,60,35.219948,sSE,0.028393
70:6e:6d:1d:bb:06,01:00:0c:cc:cc:cc,01:00:0c:cc:cc:cc,170,70:6e:6d:1d:bb:06,170,0,0.000000,1,1,0,457,457,0,0.000000,INT,0.000000
b8:ac:6f:36:0b:a8,00:c1:b1:14:eb:31,192.168.10.51,57167,96.43.146.50,443,6,0.043108,2,1,1,132,66,66,23.197550,sSE,0.043108
b8:ac:6f:1d:1f:6c,00:c1:b1:14:eb:31,192.168.10.9,63992,54.228.200.142,443,6,0.102264,2,1,1,126,60,66,9.778612,sSE,0.102264
00:23:ae:9b:95:67,00:c1:b1:14:eb:31,192.168.10.17,123,91.189.89.198,123,17,0.094062,2,1,1,180,90,90,10.631286,CON,0.094062
00:1e:4f:d4:ca:28,00:c1:b1:14:eb:31,192.168.10.15,50283,192.35.249.120,443,6,0.029255,2,1,1,120,60,60,34.182190,sSE,0.029255
b8:ac:6f:1d:1f:6c,00:c1:b1:14:eb:31,192.168.10.9,62858,35.167.226.133,80,6,0.083508,2,1,1,126,60,66,11.974900,E,0.083508
00:1e:4f:d4:ca:28,00:c1:b1:14:eb:31,192.168.10.15,50281,8.43.72.21,443,6,0.034658,2,1,1,126,60,66,28.853367,sSE,0.034658
b8:ac:6f:1d:1f:6c,00:c1:b1:14:eb:31,192.168.10.9,63108,129.146.14.101,80,6,0.087077,2,1,1,126,60,66,11.484089,E,0.087077
00:1e:4f:d4:ca:28,00:c1:b1:14:eb:31,192.168.10.15,50366,52.84.145.72,443,6,0.021961,2,1,1,126,60,66,45.535267,sSE,0.021961
b8:ac:6f:36:0a:8b,00:c1:b1:14:eb:31,192.168.10.5,52126,151.101.0.166,443,6,0.000000,3,1,2,1754,60,1694,0.000000,sSE,0.000000
b8:ac:6f:36:0a:8b,18:66:da:9b:e3:7d,192.168.10.5,60094,192.168.10.3,53,17,0.031122,4,2,2,432,154,278,96.394829,CON,0.031122
18:66:da:9b:e3:7d,00:c1:b1:14:eb:31,192.168.10.3,60125,192.168.10.1,53,17,0.030669,2,1,1,222,103,119,32.606216,CON,0.030669
00:1e:4f:d4:ca:28,00:c1:b1:14:eb:31,192.168.10.15,50338,23.1.25.111,443,6,0.049598,2,1,1,126,60,66,20.162104,sSE,0.049598
00:1e:4f:d4:ca:28,00:c1:b1:14:eb:31,192.168.10.15,50336,23.1.25.111,443,6,0.049859,2,1,1,126,60,66,20.056561,sSE,0.049859
b8:ac:6f:36:0a:8b,00:c1:b1:14:eb:31,192.168.10.5,52137,151.101.208.166,443,6,0.128780,10,6,4,3767,2145,1622,69.886627,sSE,0.128780
b8:ac:6f:1d:1f:6c,00:c1:b1:14:eb:31,192.168.10.9,63980,23.21.84.138,80,6,0.050677,2,1,1,120,60,60,19.732817,sSE,0.050677
b8:ac:6f:1d:1f:6c,00:c1:b1:14:eb:31,192.168.10.9,63065,52.2.56.173,80,6,0.051076,2,1,1,126,60,66,19.578667,E,0.051076
00:1e:4f:d4:ca:28,00:c1:b1:14:eb:31,192.168.10.15,50215,74.121.142.165,443,6,0.024055,2,1,1,126,60,66,41.571400,sSE,0.024055
b8:ac:6f:36:0a:8b,18:66:da:9b:e3:7d,192.168.10.5,62265,192.168.10.3,53,17,0.030954,4,2,2,528,156,372,96.918007,CON,0.030954
18:66:da:9b:e3:7d,00:c1:b1:14:eb:31,192.168.10.3,61311,192.168.10.1,53,17,0.030488,2,1,1,286,89,197,32.799789,CON,0.030488
00:c1:b1:14:eb:31,b8:ac:6f:1d:1f:6c,198.54.12.145,80,192.168.10.9,63038,6,1.360910,6,4,2,594,474,120,3.674012,E,1.360910
b8:ac:6f:36:0a:8b,00:c1:b1:14:eb:31,192.168.10.5,52138,151.101.64.166,443,6,0.153647,14,8,6,7109,1817,5292,84.609528,sSE,0.153647
00:1e:4f:d4:ca:28,00:c1:b1:14:eb:31,192.168.10.15,50256,152.163.13.4,443,6,0.093696,2,1,1,120,60,60,10.672814,sSE,0.093696
b8:ac:6f:1d:1f:6c,00:c1:b1:14:eb:31,192.168.10.9,63064,198.54.12.145,443,6,0.059077,2,1,1,120,60,60,16.927061,E,0.059077
00:1e:4f:d4:ca:28,00:c1:b1:14:eb:31,192.168.10.15,50113,23.50.75.27,80,6,0.023211,2,1,1,126,60,66,43.083019,sSE,0.023211
b8:ac:6f:36:07:ee,00:c1:b1:14:eb:31,192.168.10.14,51801,74.125.22.154,443,6,0.078004,3,2,1,260,160,100,25.639709,sSE,0.078004
b8:ac:6f:36:07:ee,00:c1:b1:14:eb:31,192.168.10.14,51799,172.217.3.110,443,6,0.077927,3,2,1,260,160,100,25.665045,sSE,0.077927
b8:ac:6f:36:04:e3,00:c1:b1:14:eb:31,192.168.10.12,42576,172.217.8.4,443,6,0.041166,3,2,1,290,178,112,48.583782,E,0.041166
b8:ac:6f:36:04:e3,00:c1:b1:14:eb:31,192.168.10.12,59306,172.217.6.238,443,6,0.036313,3,2,1,290,178,112,55.076694,E,0.036313
b8:ac:6f:36:04:e3,00:c1:b1:14:eb:31,192.168.10.12,32798,31.13.65.36,443,6,0.050069,3,2,1,290,178,112,39.944874,sSE,0.050069
b8:ac:6f:36:04:e3,00:c1:b1:14:eb:31,192.168.10.12,44950,172.217.9.226,443,6,0.036751,3,2,1,290,178,112,54.420292,E,0.036751
00:1e:4f:d4:ca:28,00:c1:b1:14:eb:31,192.168.10.15,50118,23.50.75.27,80,6,0.022987,2,1,1,126,60,66,43.502850,sSE,0.022987
00:1e:4f:d4:ca:28,00:c1:b1:14:eb:31,192.168.10.15,50165,151.101.209.108,443,6,0.023275,2,1,1,126,60,66,42.964558,sSE,0.023275
b8:ac:6f:1d:1f:6c,00:c1:b1:14:eb:31,192.168.10.9,63880,151.101.2.49,80,6,0.015026,2,1,1,126,60,66,66.551308,sSE,0.015026
b8:ac:6f:36:0a:8b,18:66:da:9b:e3:7d,192.168.10.5,55602,192.168.10.3,53,17,0.000228,4,2,2,472,176,296,13157.894531,CON,0.000228
00:1e:4f:d4:ca:28,00:c1:b1:14:eb:31,192.168.10.15,50384,104.97.73.166,443,6,0.023166,2,1,1,126,60,66,43.166710,sSE,0.023166
00:1e:4f:d4:ca:28,00:c1:b1:14:eb:31,192.168.10.15,50280,23.1.25.111,443,6,0.049568,2,1,1,126,60,66,20.174305,sSE,0.049568
b8:ac:6f:1d:1f:6c,00:c1:b1:14:eb:31,192.168.10.9,63881,172.217.10.70,80,6,0.036366,2,1,1,126,60,66,27.498213,sSE,0.036366
00:23:ae:9b:ad:b3,00:c1:b1:14:eb:31,192.168.10.19,123,144.217.148.73,123,17,0.016095,2,1,1,180,90,90,62.131100,CON,0.016095
b8:ac:6f:1d:1f:6c,00:c1:b1:14:eb:31,192.168.10.9,63882,172.217.7.14,80,6,0.036783,2,1,1,126,60,66,27.186474,sSE,0.036783
b8:ac:6f:1d:1f:6c,00:c1:b1:14:eb:31,192.168.10.9,64013,34.202.69.17,80,6,0.359054,9,5,4,1413,637,776,22.280771,sSE,0.359054
00:c1:b1:14:eb:31,b8:ac:6f:1d:1f:6c,198.54.12.145,443,192.168.10.9,63081,6,0.001298,3,2,1,180,120,60,1540.832031,E,0.001298
b8:ac:6f:1d:1f:6c,18:66:da:9b:e3:7d,192.168.10.9,61493,192.168.10.3,53,17,0.024220,4,2,2,734,150,584,123.864578,CON,0.024220
18:66:da:9b:e3:7d,00:c1:b1:14:eb:31,192.168.10.3,61516,192.168.10.1,53,17,0.023713,2,1,1,368,120,248,42.170959,CON,0.023713
b8:ac:6f:1d:1f:6c,18:66:da:9b:e3:7d,192.168.10.9,58097,192.168.10.3,53,17,0.000195,4,2,2,692,218,474,15384.615234,CON,0.000195
b8:ac:6f:1d:1f:6c,00:c1:b1:14:eb:31,192.168.10.9,64014,54.235.140.195,80,6,3.096917,7,4,3,432,246,186,1.937411,sSEf,3.096917
b8:ac:6f:1d:1f:6c,00:c1:b1:14:eb:31,192.168.10.9,64015,54.235.140.195,80,6,3.097106,11,6,5,1538,740,798,3.228821,sSEfF,3.097106
00:c1:b1:14:eb:31,b8:ac:6f:1d:1f:6c,192.35.249.124,80,192.168.10.9,63033,6,0.018522,8,6,2,4443,2869,1574,377.928955,E,0.018522
b8:ac:6f:1d:1f:6c,18:66:da:9b:e3:7d,192.168.10.9,64860,192.168.10.3,53,17,0.054234,4,2,2,844,144,700,55.315853,CON,0.054234
18:66:da:9b:e3:7d,00:c1:b1:14:eb:31,192.168.10.3,62002,192.168.10.1,53,17,0.053487,2,1,1,425,102,323,18.696133,CON,0.053487
00:1e:4f:d4:ca:28,00:c1:b1:14:eb:31,192.168.10.15,50313,52.87.101.173,443,6,0.097777,6,3,3,385,180,205,51.136768,sSEfF,0.097777
b8:ac:6f:1d:1f:6c,00:c1:b1:14:eb:31,192.168.10.9,64016,52.9.83.130,80,6,0.463953,9,5,4,1166,594,572,17.243126,sSE,0.463953
b8:ac:6f:1d:1f:6c,00:c1:b1:14:eb:31,192.168.10.9,64017,52.9.83.130,80,6,0.087942,3,2,1,192,126,66,22.742262,sSE,0.087942
b8:ac:6f:1d:1f:6c,18:66:da:9b:e3:7d,192.168.10.9,56388,192.168.10.3,53,17,0.000187,4,2,2,692,218,474,16042.781250,CON,0.000187
b8:ac:6f:1d:1f:6c,00:c1:b1:14:eb:31,192.168.10.9,63982,72.21.81.64,80,6,0.023873,2,1,1,126,60,66,41.888329,sSE,0.023873
00:1e:4f:d4:ca:28,00:c1:b1:14:eb:31,192.168.10.15,50400,23.194.140.15,443,6,0.023336,2,1,1,126,60,66,42.852245,sSE,0.023336
b8:ac:6f:1d:1f:6c,00:c1:b1:14:eb:31,192.168.10.9,63886,172.217.10.226,80,6,0.036968,2,1,1,126,60,66,27.050423,sSE,0.036968
b8:ac:6f:1d:1f:6c,18:66:da:9b:e3:7d,192.168.10.9,63539,192.168.10.3,53,17,0.000008,4,2,2,912,174,738,375000.000000,CON,0.000008
b8:ac:6f:1d:1f:6c,18:66:da:9b:e3:7d,192.168.10.9,65263,192.168.10.3,53,17,0.000271,4,2,2,912,174,738,11070.110352,CON,0.000271
b8:ac:6f:1d:1f:6c,00:c1:b1:14:eb:31,192.168.10.9,64018,52.9.151.139,80,6,0.462287,9,5,4,1825,907,918,17.305267,sSE,0.462287
b8:ac:6f:36:0a:8b,18:66:da:9b:e3:7d,192.168.10.5,49222,192.168.10.3,53,17,0.031004,4,2,2,468,174,294,96.761703,CON,0.031004
18:66:da:9b:e3:7d,00:c1:b1:14:eb:31,192.168.10.3,62114,192.168.10.1,53,17,0.030562,2,1,1,256,98,158,32.720371,CON,0.030562
00:1e:4f:d4:ca:28,00:c1:b1:14:eb:31,192.168.10.15,50172,93.184.216.172,443,6,0.023239,2,1,1,126,60,66,43.031113,sSE,0.023239
b8:ac:6f:1d:1f:6c,00:c1:b1:14:eb:31,192.168.10.9,63213,23.194.108.16,443,6,0.023922,2,1,1,126,60,66,41.802525,E,0.023922
b8:ac:6f:1d:1f:6c,18:66:da:9b:e3:7d,192.168.10.9,62773,192.168.10.3,53,17,0.024081,4,2,2,736,178,558,124.579552,CON,0.024081
18:66:da:9b:e3:7d,00:c1:b1:14:eb:31,192.168.10.3,62365,192.168.10.1,53,17,0.023788,2,1,1,372,122,250,42.038002,CON,0.023788
b8:ac:6f:1d:1f:6c,00:c1:b1:14:eb:31,192.168.10.9,64019,54.86.232.173,80,6,0.436597,9,5,4,4056,972,3084,18.323534,sSE,0.436597
b8:ac:6f:1d:1f:6c,18:66:da:9b:e3:7d,192.168.10.9,52440,192.168.10.3,53,17,0.000189,4,2,2,700,222,478,15873.015625,CON,0.000189
b8:ac:6f:36:0a:8b,00:c1:b1:14:eb:31,192.168.10.5,51917,108.174.11.1,443,6,0.039834,5,2,3,325,120,205,100.416733,sSEfF,0.039834
00:c1:b1:14:eb:31,b8:ac:6f:1d:1f:6c,52.3.119.216,80,192.168.10.9,63072,6,0.000000,1,0,1,60,0,60,0.000000,E,0.000000
00:1e:4f:d4:ca:28,00:c1:b1:14:eb:31,192.168.10.15,50404,23.194.142.7,443,6,0.023126,2,1,1,126,60,66,43.241371,sSE,0.023126
b8:ac:6f:1d:1f:6c,18:66:da:9b:e3:7d,192.168.10.9,52084,192.168.10.3,53,17,0.024379,4,2,2,700,164,536,123.056732,CON,0.024379
18:66:da:9b:e3:7d,00:c1:b1:14:eb:31,192.168.10.3,60986,192.168.10.1,53,17,0.023906,2,1,1,364,118,246,41.830502,CON,0.023906
b8:ac:6f:1d:1f:6c,18:66:da:9b:e3:7d,192.168.10.9,55336,192.168.10.3,53,17,0.048404,4,2,2,460,174,286,61.978348,CON,0.048404
18:66:da:9b:e3:7d,00:c1:b1:14:eb:31,192.168.10.3,60512,192.168.10.1,53,17,0.048209,2,1,1,252,98,154,20.743015,CON,0.048209
b8:ac:6f:1d:1f:6c,18:66:da:9b:e3:7d,192.168.10.9,53434,192.168.10.3,53,17,0.032816,4,2,2,458,168,290,91.418816,CON,0.032816
b8:ac:6f:1d:1f:6c,18:66:da:9b:e3:7d,192.168.10.9,55883,192.168.10.3,53,17,0.031222,4,2,2,454,172,282,96.086090,CON,0.031222
18:66:da:9b:e3:7d,00:c1:b1:14:eb:31,192.168.10.3,62365,192.168.10.1,53,17,0.032465,2,1,1,251,95,156,30.802402,CON,0.032465
18:66:da:9b:e3:7d,00:c1:b1:14:eb:31,192.168.10.3,61670,192.168.10.1,53,17,0.030889,2,1,1,249,97,152,32.373985,CON,0.030889
b8:ac:6f:1d:1f:6c,00:c1:b1:14:eb:31,192.168.10.9,64020,34.200.65.151,80,6,2.454426,77,39,38,53324,23529,29795,30.964470,sSE,2.454426
b8:ac:6f:1d:1f:6c,18:66:da:9b:e3:7d,192.168.10.9,64997,192.168.10.3,53,17,0.000215,4,2,2,684,214,470,13953.489258,CON,0.000215
b8:ac:6f:1d:1f:6c,00:c1:b1:14:eb:31,192.168.10.9,63899,69.169.86.38,443,6,0.022560,2,1,1,120,60,60,44.326241,sSE,0.022560
00:23:ae:9b:ad:b3,18:66:da:9b:e3:7d,192.168.10.19,0x0303,192.168.10.3,0x424d,1,0.000051,2,2,0,194,194,0,19607.843750,URP,0.000051
00:23:ae:9b:ad:b3,18:66:da:9b:e3:7d,192.168.10.19,0x0303,192.168.10.3,0x5b9a,1,0.000006,2,2,0,194,194,0,166666.656250,URP,0.000006
00:23:ae:9b:ad:b3,18:66:da:9b:e3:7d,192.168.10.19,12309,192.168.10.3,53,17,0.000052,2,2,0,138,138,0,19230.769531,INT,0.000052
00:23:ae:9b:ad:b3,18:66:da:9b:e3:7d,192.168.10.19,47226,192.168.10.3,53,17,0.000001,2,2,0,138,138,0,1000000.000000,INT,0.000001
18:66:da:9b:e3:7d,00:c1:b1:14:eb:31,192.168.10.3,61674,192.168.10.1,53,17,0.377124,2,1,1,160,80,80,2.651648,CON,0.377124
18:66:da:9b:e3:7d,00:c1:b1:14:eb:31,192.168.10.3,61164,192.168.10.1,53,17,1.510508,2,1,1,160,80,80,0.662029,CON,1.510508
00:1e:4f:d4:ca:28,00:c1:b1:14:eb:31,192.168.10.15,50398,72.21.91.29,80,6,0.023753,2,1,1,126,60,66,42.099945,sSE,0.023753
00:1e:4f:d4:ca:28,00:c1:b1:14:eb:31,192.168.10.15,50247,72.21.91.29,80,6,0.023742,2,1,1,126,60,66,42.119450,sSE,0.023742
00:1e:4f:d4:ca:28,00:c1:b1:14:eb:31,192.168.10.15,50157,72.21.91.29,80,6,0.023745,2,1,1,126,60,66,42.114128,sSE,0.023745
00:1e:4f:d4:ca:28,00:c1:b1:14:eb:31,192.168.10.15,50407,23.194.142.7,443,6,0.023100,2,1,1,126,60,66,43.290043,sSE,0.023100
00:1e:4f:d4:ca:28,00:c1:b1:14:eb:31,192.168.10.15,50406,23.194.142.7,443,6,0.023090,2,1,1,126,60,66,43.308792,sSE,0.023090
b8:ac:6f:1d:1f:6c,00:c1:b1:14:eb:31,192.168.10.9,63119,74.121.138.156,443,6,0.023912,2,1,1,126,60,66,41.820007,E,0.023912
00:1e:4f:d4:ca:28,00:c1:b1:14:eb:31,192.168.10.15,50106,192.229.173.136,443,6,0.022927,2,1,1,126,60,66,43.616699,sSE,0.022927
b8:ac:6f:36:04:e3,18:66:da:9b:e3:7d,192.168.10.12,123,192.168.10.3,123,17,0.000008,4,2,2,360,180,180,375000.000000,CON,0.000008
00:1e:4f:d4:ca:28,00:c1:b1:14:eb:31,192.168.10.15,50378,23.194.140.15,443,6,0.022881,2,1,1,126,60,66,43.704384,sSE,0.022881
00:23:ae:9b:8a:bf,00:c1:b1:14:eb:31,192.168.10.16,123,158.69.247.184,123,17,0.016280,2,1,1,180,90,90,61.425064,CON,0.016280
b8:ac:6f:36:0a:8b,00:c1:b1:14:eb:31,192.168.10.5,51926,98.139.183.24,443,6,0.025048,5,2,3,325,120,205,159.693390,sSEfF,0.025048
b8:ac:6f:1d:1f:6c,00:c1:b1:14:eb:31,192.168.10.9,64006,162.208.20.178,80,6,0.085196,3,2,1,180,120,60,23.475279,sSEf,0.085196
b8:ac:6f:1d:1f:6c,00:c1:b1:14:eb:31,192.168.10.9,64007,162.208.20.178,80,6,0.085478,3,2,1,180,120,60,23.397833,sSEf,0.085478
b8:ac:6f:1d:1f:6c,00:c1:b1:14:eb:31,192.168.10.9,64010,23.194.180.170,80,6,0.023336,3,2,1,180,120,60,85.704491,sSEf,0.023336
b8:ac:6f:1d:1f:6c,00:c1:b1:14:eb:31,192.168.10.9,64003,23.194.180.170,80,6,0.023334,3,2,1,180,120,60,85.711838,sSEf,0.023334
b8:ac:6f:1d:1f:6c,00:c1:b1:14:eb:31,192.168.10.9,63904,152.163.56.2,443,6,0.028457,2,1,1,120,60,60,35.140739,sSE,0.028457
b8:ac:6f:1d:1f:6c,00:c1:b1:14:eb:31,192.168.10.9,63616,184.31.6.135,443,6,0.028361,2,1,1,126,60,66,35.259689,E,0.028361
00:1e:4f:d4:ca:28,18:66:da:9b:e3:7d,192.168.10.15,50487,192.168.10.3,445,6,0.006107,33,17,16,7808,3840,3968,5239.888672,sSE,0.006107
b8:ac:6f:1d:1f:6c,00:c1:b1:14:eb:31,192.168.10.9,63078,198.54.12.145,443,6,0.059413,2,1,1,120,60,60,16.831333,E,0.059413
b8:ac:6f:1d:1f:6c,00:c1:b1:14:eb:31,192.168.10.9,63900,52.8.165.87,443,6,0.087077,2,1,1,126,60,66,11.484089,sSE,0.087077
b8:ac:6f:36:0a:8b,00:c1:b1:14:eb:31,192.168.10.5,52062,208.100.17.179,443,6,0.032514,3,1,2,234,89,145,61.511967,sSE,0.032514
b8:ac:6f:36:07:ee,00:c1:b1:14:eb:31,192.168.10.14,51809,52.84.26.239,443,6,0.029843,2,1,1,126,60,66,33.508694,sSE,0.029843
b8:ac:6f:1d:1f:6c,00:c1:b1:14:eb:31,192.168.10.9,63902,54.70.122.167,443,6,0.085861,2,1,1,126,60,66,11.646731,sSE,0.085861
00:1e:4f:d4:ca:28,00:c1:b1:14:eb:31,192.168.10.15,50179,199.187.193.140,443,6,0.059985,2,1,1,120,60,60,16.670834,sSE,0.059985
00:1e:4f:d4:ca:28,00:c1:b1:14:eb:31,192.168.10.15,50183,199.187.193.140,443,6,0.059497,2,1,1,120,60,60,16.807571,sSE,0.059497
00:1e:4f:d4:ca:28,00:c1:b1:14:eb:31,192.168.10.15,50112,199.187.193.140,443,6,0.059469,2,1,1,120,60,60,16.815483,sSE,0.059469
00:1e:4f:d4:ca:28,00:c1:b1:14:eb:31,192.168.10.15,50182,199.187.193.140,443,6,0.060105,2,1,1,120,60,60,16.637550,sSE,0.060105
00:1e:4f:d4:ca:28,00:c1:b1:14:eb:31,192.168.10.15,50181,199.187.193.140,443,6,0.060092,2,1,1,120,60,60,16.641151,sSE,0.060092
00:1e:4f:d4:ca:28,00:c1:b1:14:eb:31,192.168.10.15,50180,199.187.193.140,443,6,0.060095,2,1,1,120,60,60,16.640320,sSE,0.060095
b8:ac:6f:1d:1f:6c,00:c1:b1:14:eb:31,192.168.10.9,63911,52.22.157.218,443,6,0.050300,2,1,1,120,60,60,19.880716,sSE,0.050300
b8:ac:6f:1d:1f:6c,00:c1:b1:14:eb:31,192.168.10.9,63920,129.146.14.101,443,6,0.087524,2,1,1,126,60,66,11.425438,sSE,0.087524
b8:ac:6f:36:07:ee,00:c1:b1:14:eb:31,192.168.10.14,51812,52.84.26.147,443,6,0.031230,2,1,1,126,60,66,32.020493,sSE,0.031230
18:66:da:9b:e3:7d,b8:ac:6f:36:0b:a8,192.168.10.3,,192.168.10.51,,2054,0.000008,4,2,2,240,120,120,375000.000000,CON,0.000008
b8:ac:6f:1d:1f:6c,00:c1:b1:14:eb:31,192.168.10.9,63912,199.38.164.157,443,6,0.023172,2,1,1,120,60,60,43.155533,sSE,0.023172
